1604
1895
1932
2010
2099
2120
2185
61
295
886
1177
1595
1808
1901
1902
1927
1933
1955
1975
1976
2018
2029
2044
2096
2116
2126
2141
2148
2149
2192
2209
2216
2221
2266
2314
2334
2383
2400
2430
2516
2537
10
37
56
80
82
255
263
275
281
284
288
312
337
352
373
399
437
444
450
457
459
488
549
642
648
731
747
758
775
806
842
852
877
898
948
967
1259
1358
1450
1451
1464
1468
1499
1503
1558
1593
1626
1661
1682
1689
1691
1707
1819
1845
1846
1875
1880
1897
1905
1912
1914
1920
1921
1930
1936
1938
1946
1950
1952
1961
1963
1977
1983
1984
1986
1992
1998
2000
2004
2006
2011
2012
2016
2022
2031
2033
2039
2040
2043
2050
2052
2071
2077
2081
2095
2102
2106
2109
2113
2114
2115
2117
2132
2133
2144
2156
2160
2169
2179
2180
2195
2204
2214
2218
2219
2232
2234
2236
2243
2247
2250
2253
2254
2259
2282
2294
2301
2307
2315
2325
2332
2335
2337
2342
2345
2346
2350
2380
2397
2398
2404
2407
2408
2418
2419
2421
2431
2434
2438
2453
2456
2463
2466
2469
2472
2482
2484
2496
2497
2498
2501
2522
3
4
6
7
9
19
21
24
26
27
28
29
31
33
34
35
40
45
47
49
50
51
52
53
54
55
64
65
66
69
72
73
74
75
78
79
83
85
89
91
92
94
97
98
99
101
102
103
105
107
108
109
110
112
119
120
121
122
125
126
127
129
131
132
134
136
138
139
140
141
142
148
151
152
154
157
158
159
160
161
162
163
165
166
170
172
179
182
183
184
185
188
190
193
198
200
201
202
204
211
212
213
215
216
222
224
229
230
234
235
237
242
243
247
250
252
256
260
261
266
270
272
274
276
278
286
289
290
291
293
297
298
299
305
307
309
311
314
317
318
324
325
326
328
329
330
332
333
334
336
339
340
342
344
347
349
353
354
356
358
360
362
363
365
367
368
371
372
374
375
377
378
379
381
385
386
391
392
393
394
395
397
398
400
401
402
405
409
412
413
414
417
418
422
425
427
433
440
441
442
449
454
455
458
462
463
465
466
467
468
470
472
474
476
479
480
481
482
486
487
490
491
493
494
497
498
500
501
502
504
509
510
513
514
518
520
522
523
524
525
528
532
534
535
541
543
546
548
550
553
554
555
558
562
563
564
565
566
567
568
569
570
576
581
582
584
586
587
588
591
597
598
599
602
607
609
610
612
614
616
620
626
627
631
635
639
643
644
650
653
655
657
658
660
661
667
668
669
671
676
677
682
683
684
685
686
687
688
689
691
700
703
705
706
708
709
711
712
713
717
721
722
724
725
726
732
734
737
745
752
754
755
757
760
762
764
766
767
771
774
776
777
778
780
781
783
784
791
792
795
796
798
799
801
802
808
809
810
811
812
813
814
816
821
822
823
824
825
827
831
833
834
837
839
843
844
846
847
848
853
857
859
861
862
864
865
866
867
868
869
870
871
872
880
883
885
888
893
895
896
897
899
900
902
907
910
911
913
914
917
920
922
925
927
928
931
935
936
937
939
940
941
945
947
949
950
952
953
954
955
956
960
961
964
965
968
970
971
974
975
976
977
980
981
983
984
986
990
995
996
1001
1003
1004
1007
1008
1011
1012
1013
1014
1015
1017
1018
1022
1027
1028
1031
1037
1040
1047
1050
1051
1052
1059
1060
1061
1064
1066
1068
1077
1078
1079
1080
1083
1085
1087
1089
1092
1093
1099
1100
1101
1102
1103
1106
1108
1109
1110
1111
1114
1115
1116
1117
1119
1120
1121
1124
1125
1126
1127
1128
1134
1137
1140
1142
1143
1146
1149
1150
1151
1152
1153
1158
1161
1163
1167
1168
1169
1172
1175
1176
1178
1180
1185
1186
1187
1188
1189
1191
1193
1194
1195
1196
1197
1198
1199
1200
1204
1205
1209
1212
1218
1219
1220
1221
1223
1224
1228
1229
1231
1233
1237
1238
1239
1241
1242
1244
1249
1251
1253
1254
1255
1263
1265
1266
1267
1269
1271
1275
1277
1290
1292
1293
1296
1298
1299
1302
1305
1309
1310
1316
1319
1320
1321
1324
1325
1327
1329
1330
1334
1335
1337
1339
1345
1349
1351
1352
1353
1354
1357
1359
1362
1367
1370
1372
1373
1375
1376
1377
1378
1379
1380
1381
1382
1383
1384
1386
1388
1389
1390
1392
1394
1395
1397
1398
1402
1404
1405
1406
1407
1412
1413
1415
1418
1422
1423
1426
1427
1428
1430
1431
1432
1433
1435
1437
1438
1439
1442
1443
1444
1445
1447
1453
1455
1456
1457
1462
1463
1466
1467
1469
1471
1472
1474
1475
1485
1487
1488
1491
1492
1494
1495
1498
1502
1505
1508
1512
1517
1518
1520
1524
1529
1530
1531
1538
1542
1543
1544
1545
1549
1550
1551
1554
1562
1563
1565
1567
1568
1569
1571
1572
1576
1578
1580
1581
1582
1583
1584
1586
1587
1588
1589
1591
1592
1597
1598
1599
1600
1603
1605
1606
1608
1609
1611
1612
1614
1615
1616
1619
1621
1622
1624
1628
1633
1634
1635
1638
1640
1644
1646
1647
1655
1656
1660
1662
1663
1664
1665
1668
1671
1672
1674
1675
1677
1678
1679
1680
1681
1684
1685
1687
1690
1692
1693
1694
1696
1697
1701
1706
1708
1709
1711
1712
1714
1716
1717
1721
1726
1727
1728
1730
1731
1733
1743
1747
1750
1751
1752
1753
1755
1756
1759
1761
1762
1764
1765
1766
1767
1769
1772
1773
1774
1777
1779
1783
1787
1788
1791
1793
1795
1796
1798
1799
1802
1803
1804
1805
1807
1811
1813
1815
1816
1817
1821
1822
1823
1824
1826
1831
1832
1833
1834
1836
1840
1842
1843
1847
1848
1850
1852
1853
1855
1856
1859
1860
1864
1865
1867
1868
1869
1870
1871
1872
1873
1877
1878
1879
1881
1883
1884
1887
1888
1890
1891
1893
1894
1896
1898
1899
1903
1904
1907
1908
1909
1913
1915
1916
1917
1918
1919
1922
1923
1925
1926
1928
1929
1931
1935
1937
1940
1941
1944
1945
1947
1949
1951
1953
1956
1957
1958
1959
1960
1962
1964
1965
1966
1968
1969
1970
1971
1972
1973
1974
1978
1979
1981
1985
1987
1990
1991
1993
1994
1995
1996
1997
1999
2001
2003
2008
2013
2014
2015
2019
2020
2023
2024
2025
2027
2030
2032
2034
2036
2037
2038
2041
2042
2045
2046
2047
2048
2049
2051
2053
2054
2056
2057
2058
2059
2062
2063
2064
2065
2066
2068
2069
2070
2072
2074
2076
2078
2080
2083
2084
2086
2087
2088
2089
2090
2091
2093
2094
2097
2098
2100
2101
2103
2104
2107
2108
2112
2118
2119
2121
2122
2125
2128
2129
2130
2131
2136
2137
2139
2140
2143
2145
2146
2147
2150
2151
2152
2155
2157
2158
2159
2161
2163
2164
2166
2168
2170
2171
2173
2174
2175
2176
2177
2178
2181
2183
2184
2186
2187
2189
2190
2191
2193
2194
2196
2201
2202
2203
2205
2207
2208
2210
2211
2212
2213
2215
2220
2222
2224
2225
2226
2227
2228
2229
2231
2233
2235
2239
2240
2242
2244
2245
2246
2248
2249
2251
2252
2256
2258
2260
2262
2264
2265
2267
2268
2269
2270
2271
2272
2274
2277
2278
2279
2281
2284
2285
2286
2287
2288
2289
2290
2293
2295
2297
2299
2302
2303
2304
2305
2308
2310
2311
2316
2317
2318
2319
2321
2322
2323
2324
2326
2327
2328
2329
2330
2331
2333
2336
2338
2339
2340
2341
2343
2344
2347
2349
2351
2352
2354
2355
2357
2358
2359
2361
2363
2365
2367
2368
2370
2372
2373
2374
2375
2376
2377
2381
2382
2384
2385
2386
2388
2390
2391
2392
2394
2395
2399
2401
2403
2405
2406
2409
2410
2411
2412
2413
2414
2415
2417
2420
2422
2423
2425
2428
2432
2433
2436
2437
2439
2441
2442
2444
2446
2449
2450
2451
2452
2454
2457
2459
2460
2461
2462
2464
2470
2473
2474
2475
2476
2479
2480
2485
2488
2490
2491
2494
2495
2500
2502
2503
2505
2506
2507
2508
2509
2510
2511
2512
2513
2515
2517
2518
2519
2523
2524
2525
2526
2527
2528
2529
2530
2531
2532
2533
2534
2536
2539
2541
0
1
2
5
8
11
12
13
14
15
16
17
18
20
22
23
25
30
32
36
38
39
41
42
43
44
46
48
57
58
59
60
62
63
67
68
70
71
76
77
81
84
86
87
88
90
93
95
96
100
104
106
111
113
114
115
116
117
118
123
124
128
130
133
135
137
143
144
145
146
147
149
150
153
155
156
164
167
168
169
171
173
174
175
176
177
178
180
181
186
187
189
191
192
194
195
196
197
199
203
205
206
207
208
209
210
214
217
218
219
220
221
223
225
226
227
228
231
232
233
236
238
239
240
241
244
245
246
248
249
251
253
254
257
258
259
262
264
265
267
268
269
271
273
277
279
280
282
283
285
287
292
294
296
300
301
302
303
304
306
308
310
313
315
316
319
320
321
322
323
327
331
335
338
341
343
345
346
348
350
351
355
357
359
361
364
366
369
370
376
380
382
383
384
387
388
389
390
396
403
404
406
407
408
410
411
415
416
419
420
421
423
424
426
428
429
430
431
432
434
435
436
438
439
443
445
446
447
448
451
452
453
456
460
461
464
469
471
473
475
477
478
483
484
485
489
492
495
496
499
503
505
506
507
508
511
512
515
516
517
519
521
526
527
529
530
531
533
536
537
538
539
540
542
544
545
547
551
552
556
557
559
560
561
571
572
573
574
575
577
578
579
580
583
585
589
590
592
593
594
595
596
600
601
603
604
605
606
608
611
613
615
617
618
619
621
622
623
624
625
628
629
630
632
633
634
636
637
638
640
641
645
646
647
649
651
652
654
656
659
662
663
664
665
666
670
672
673
674
675
678
679
680
681
690
692
693
694
695
696
697
698
699
701
702
704
707
710
714
715
716
718
719
720
723
727
728
729
730
733
735
736
738
739
740
741
742
743
744
746
748
749
750
751
753
756
759
761
763
765
768
769
770
772
773
779
782
785
786
787
788
789
790
793
794
797
800
803
804
805
807
815
817
818
819
820
826
828
829
830
832
835
836
838
840
841
845
849
850
851
854
855
856
858
860
863
873
874
875
876
878
879
881
882
884
887
889
890
891
892
894
901
903
904
905
906
908
909
912
915
916
918
919
921
923
924
926
929
930
932
933
934
938
942
943
944
946
951
957
958
959
962
963
966
969
972
973
978
979
982
985
987
988
989
991
992
993
994
997
998
999
1000
1002
1005
1006
1009
1010
1016
1019
1020
1021
1023
1024
1025
1026
1029
1030
1032
1033
1034
1035
1036
1038
1039
1041
1042
1043
1044
1045
1046
1048
1049
1053
1054
1055
1056
1057
1058
1062
1063
1065
1067
1069
1070
1071
1072
1073
1074
1075
1076
1081
1082
1084
1086
1088
1090
1091
1094
1095
1096
1097
1098
1104
1105
1107
1112
1113
1118
1122
1123
1129
1130
1131
1132
1133
1135
1136
1138
1139
1141
1144
1145
1147
1148
1154
1155
1156
1157
1159
1160
1162
1164
1165
1166
1170
1171
1173
1174
1179
1181
1182
1183
1184
1190
1192
1201
1202
1203
1206
1207
1208
1210
1211
1213
1214
1215
1216
1217
1222
1225
1226
1227
1230
1232
1234
1235
1236
1240
1243
1245
1246
1247
1248
1250
1252
1256
1257
1258
1260
1261
1262
1264
1268
1270
1272
1273
1274
1276
1278
1279
1280
1281
1282
1283
1284
1285
1286
1287
1288
1289
1291
1294
1295
1297
1300
1301
1303
1304
1306
1307
1308
1311
1312
1313
1314
1315
1317
1318
1322
1323
1326
1328
1331
1332
1333
1336
1338
1340
1341
1342
1343
1344
1346
1347
1348
1350
1355
1356
1360
1361
1363
1364
1365
1366
1368
1369
1371
1374
1385
1387
1391
1393
1396
1399
1400
1401
1403
1408
1409
1410
1411
1414
1416
1417
1419
1420
1421
1424
1425
1429
1434
1436
1440
1441
1446
1448
1449
1452
1454
1458
1459
1460
1461
1465
1470
1473
1476
1477
1478
1479
1480
1481
1482
1483
1484
1486
1489
1490
1493
1496
1497
1500
1501
1504
1506
1507
1509
1510
1511
1513
1514
1515
1516
1519
1521
1522
1523
1525
1526
1527
1528
1532
1533
1534
1535
1536
1537
1539
1540
1541
1546
1547
1548
1552
1553
1555
1556
1557
1559
1560
1561
1564
1566
1570
1573
1574
1575
1577
1579
1585
1590
1594
1596
1601
1602
1607
1610
1613
1617
1618
1620
1623
1625
1627
1629
1630
1631
1632
1636
1637
1639
1641
1642
1643
1645
1648
1649
1650
1651
1652
1653
1654
1657
1658
1659
1666
1667
1669
1670
1673
1676
1683
1686
1688
1695
1698
1699
1700
1702
1703
1704
1705
1710
1713
1715
1718
1719
1720
1722
1723
1724
1725
1729
1732
1734
1735
1736
1737
1738
1739
1740
1741
1742
1744
1745
1746
1748
1749
1754
1757
1758
1760
1763
1768
1770
1771
1775
1776
1778
1780
1781
1782
1784
1785
1786
1789
1790
1792
1794
1797
1800
1801
1806
1809
1810
1812
1814
1818
1820
1825
1827
1828
1829
1830
1835
1837
1838
1839
1841
1844
1849
1851
1854
1857
1858
1861
1862
1863
1866
1874
1876
1882
1885
1886
1889
1892
1900
1906
1910
1911
1924
1934
1939
1942
1943
1948
1954
1967
1980
1982
1988
1989
2002
2005
2007
2009
2017
2021
2026
2028
2035
2055
2060
2061
2067
2073
2075
2079
2082
2085
2092
2105
2110
2111
2123
2124
2127
2134
2135
2138
2142
2153
2154
2162
2165
2167
2172
2182
2188
2197
2198
2199
2200
2206
2217
2223
2230
2237
2238
2241
2255
2257
2261
2263
2273
2275
2276
2280
2283
2291
2292
2296
2298
2300
2306
2309
2312
2313
2320
2348
2353
2356
2360
2362
2364
2366
2369
2371
2378
2379
2387
2389
2393
2396
2402
2416
2424
2426
2427
2429
2435
2440
2443
2445
2447
2448
2455
2458
2465
2467
2468
2471
2477
2478
2481
2483
2486
2487
2489
2492
2493
2499
2504
2514
2520
2521
2535
2538
2540
