1
33
43
186
227
314
361
411
444
509
556
557
735
740
743
750
801
836
838
966
991
1027
1064
1088
1096
1152
1202
1213
1216
1256
1272
1276
1279
1298
1347
1359
1370
1381
1424
1467
1542
1555
1567
1622
1626
1628
1636
1684
1698
1755
1781
1828
1886
1925
1929
1932
1981
2057
2064
2081
2128
2183
2242
2371
2385
2402
2422
2445
2565
2582
2596
2619
2642
2667
2709
2768
2786
2802
2897
2960
2966
2967
3008
3030
3050
3053
3059
3196
3228
3260
3318
3325
3327
3392
3460
3597
3601
3630
3672
3714
3733
3928
3931
3932
3992
3996
4070
4136
4180
4238
4257
4318
4325
4409
4412
4413
4682
4688
4769
4775
4793
4799
4842
4913
4985
5041
5093
5115
5127
5195
5241
5249
5311
5342
5432
5490
5584
5666
5817
5857
6085
6167
6400
6403
6467
6479
6621
6745
6776
6907
6911
7000
7069
7074
7145
7463
7478
7555
7557
7570
7633
7649
7779
8175
8184
8196
8363
8392
8461
8517
8562
8622
8623
8627
8668
8716
8799
8816
8858
8886
8915
8934
8995
9046
9087
9111
9144
9388
9539
9601
9671
9769
9779
9810
9871
9874
9904
9912
9913
10135
10339
10381
10382
10415
10429
10436
10468
10469
10476
10717
10764
10794
10862
10882
10887
10921
10964
10972
11045
11061
11072
11136
11143
11187
11362
11373
11532
11577
11651
11665
11678
11699
11738
11757
11808
11821
11838
11868
11883
11919
11931
11933
11978
12014
12093
12094
12095
12107
12120
12142
12158
12193
12209
12280
12390
12420
12421
12431
12481
12510
12538
12648
12690
12769
12814
12874
12906
13083
13140
13217
13223
13283
13361
13374
13411
13425
13488
13531
13537
13680
13708
13713
13739
13793
13911
14020
14043
14132
14138
14318
14408
14412
14435
14445
14451
14553
14590
14593
14606
14711
14715
14834
14868
14892
14910
14971
14984
15004
15038
15142
15149
15205
15271
15305
15318
15322
15426
15531
15774
15927
16090
16095
16196
16211
16218
16332
16450
16528
16632
16642
16774
16811
16835
16838
16894
16897
16990
17019
17025
17101
17192
17224
17326
17331
17401
17514
17540
17646
17674
17709
17784
17792
17815
17831
17917
17918
18145
18165
18226
18235
18276
18322
18365
18400
18408
18454
18490
18514
18675
18704
18719
18936
18941
18950
19069
19085
19115
19127
19138
19158
19228
19232
19312
19316
19322
19593
19619
19643
19646
19687
19695
19792
19804
19833
19989
20099
20180
20219
20271
20432
20701
20753
20759
20773
20790
20800
20814
20819
21026
21103
21158
21365
21366
21389
21392
21394
21401
21438
21511
21553
21555
21646
21895
21901
21970
22274
22321
22349
22376
22432
22442
22445
22489
22530
22532
22732
22819
22891
23078
23124
23125
23132
23408
23414
23422
23672
23721
23793
23993
24108
24186
24310
24336
24339
24541
24560
24652
24823
24856
24879
24904
24951
25047
25050
25133
25143
25245
25252
25331
25337
25396
25472
25504
25510
25511
25531
25705
25708
25721
25893
25962
25969
26056
26119
26238
26239
26303
26602
26615
26648
26675
26746
26756
26840
26942
26943
27145
27213
27223
27254
27287
27290
27306
27316
27387
27555
27576
27656
27661
27662
27837
27842
27844
27850
27867
27905
27935
28001
28180
28384
28406
28464
28466
28604
28681
28693
28779
28888
28912
28913
28972
28976
28984
28989
29009
29080
29081
29084
29133
29141
29146
29163
29178
29288
29292
29393
29412
29582
29665
29679
29685
29731
29806
29843
29879
30030
30054
30127
30153
30159
30239
30270
30312
30325
30334
30361
30392
30395
30485
30541
30557
30578
30630
30636
30677
30730
30761
30779
30848
30850
30878
30929
30935
30939
30975
30976
31018
31129
31190
31298
31454
31463
31509
31544
31636
31700
31754
31845
31848
31970
32134
32135
32167
32303
32452
32510
32543
32565
32572
32636
32722
32726
32732
32866
32940
33044
33059
33123
33161
33235
33238
33288
33307
33314
33350
33374
33400
33402
33419
33460
33502
33577
33625
33731
33785
33904
33920
33928
33960
33963
33969
33972
33997
34028
34045
34048
34097
34099
34100
34104
34246
34274
34394
34447
34568
34592
34635
34668
34708
34714
34843
34891
34952
35009
35035
35037
35102
35190
35235
35239
35265
35323
35341
35388
35482
35533
35600
35631
35733
35883
35949
35990
36072
36084
36164
36381
36395
36416
36550
36617
36757
36776
36845
36870
37099
37117
37137
37175
37197
37205
37223
37293
37387
37472
37490
37593
37607
37639
37669
37683
37728
37734
37781
37794
37799
37801
37881
37902
37967
38085
38169
38178
38204
38228
38320
38322
38323
38330
38352
38365
38426
38447
38524
38621
38642
38665
38687
38693
38889
38890
38903
38959
38967
38993
39194
39242
39267
39316
39450
39454
39530
39554
39565
39620
39621
40077
40091
40161
40168
40201
40239
40280
40334
40335
40372
40409
40423
40493
40615
40626
40690
40695
40696
40711
40751
40761
40836
40840
40856
40894
40900
40944
41122
41126
41134
41159
41230
41273
41302
41330
41349
41388
41409
41497
41501
41558
41622
41639
41644
41647
41696
41748
41800
41846
41896
41898
41966
41969
41979
42029
42030
42038
42108
42189
42202
42390
42393
42417
42487
42513
42555
42562
42624
42631
42650
42698
42810
42871
43040
43057
43180
43212
43277
43280
43439
43476
43524
43525
43536
43625
43639
43703
43720
43743
43773
43779
43813
43849
43895
43916
44033
44090
44150
44197
44331
44407
44515
44582
44584
44589
44665
44777
44846
44869
44896
45085
45115
45128
45168
45219
45291
45532
45569
45620
45630
45810
45827
46084
46162
46211
46215
46225
46233
46324
46379
46387
46431
46616
46656
46659
46660
46672
46750
46763
46809
46934
46946
46960
47010
47017
47112
47125
47126
47197
47268
47293
47328
47352
47366
47389
47403
47449
47453
47487
47495
47508
47518
47532
47541
47560
47608
47613
47641
47643
47649
47693
47799
47829
47841
47878
47892
47937
48018
48059
48060
48070
48157
48226
48255
48289
48306
48323
48396
48423
48528
48607
48611
48818
48825
48848
48979
49078
49138
49141
49175
49220
49318
49369
49435
49437
49446
49451
49503
49508
49694
49696
49715
49936
49939
50003
50050
50107
50235
50582
50596
50616
50680
50683
50762
50772
50797
50903
50911
50971
51027
51032
51184
51187
51299
51476
51511
51512
51540
51703
51775
51838
51853
51888
51928
52000
52005
52021
52056
52165
52166
52185
52208
52313
52351
52352
52455
52562
52596
52625
52635
52700
52713
52760
52917
52958
52991
53023
53071
53091
53151
53175
53185
53192
53230
53236
53253
53280
53349
53355
53408
53542
53583
53674
53680
53752
53820
53851
53896
53921
53923
53951
53954
53977
54042
54068
54098
54158
54267
54288
54290
54302
54316
54385
54390
54392
54404
54405
54447
54457
54470
54640
54703
54757
54784
54940
54945
54963
54995
55006
55079
55114
55196
55336
55387
55488
55582
55595
55601
55660
55668
55754
55772
55827
55898
55942
55947
56024
56034
56103
56136
56159
56187
56228
56231
56259
56272
56274
56276
56296
56301
56313
56314
56406
56434
56442
56481
56557
56568
56575
56582
56604
56649
56660
56669
56674
56698
56909
56913
57030
57035
57110
57131
57183
57269
57289
57346
57375
57437
57480
57492
57882
57937
57991
58007
58028
58112
58192
58196
58273
58369
58498
58515
58525
58568
58655
58668
58729
58743
58830
58852
58902
58981
58988
59059
59089
59110
59187
59339
59409
59412
59493
59525
59557
59565
59657
59718
59770
59823
59838
59861
59911
59999
60054
60157
60230
60241
60315
60429
60487
60533
60543
60554
60567
60641
60646
60711
60763
60837
60911
60956
61003
61037
61044
61180
61191
61220
61268
61289
61423
61426
61458
61468
61574
61578
61594
61623
61660
61697
61756
61782
61831
61838
61856
61889
61970
62012
62150
62364
62403
62414
62431
62434
62447
62453
62478
62512
62517
62545
62567
62573
62575
62597
62778
62872
63038
63054
63123
63271
63353
63355
63434
63504
63551
63639
63652
63658
63738
63745
63748
63749
63809
63825
63862
63882
63891
63896
64008
64012
64046
64061
64075
64111
64115
64135
64245
64255
64257
64269
64284
64510
64527
64556
64560
64586
64587
64649
64713
64797
64832
64856
64872
64879
64932
64938
64956
65044
65181
65222
65256
65267
65331
65403
65420
65426
65442
65472
65485
65501
65511
65590
65661
65726
65772
65789
65797
65862
65889
65902
65959
65965
66009
66072
66115
66128
66255
66299
66308
66381
66394
66397
66511
66598
66601
66624
66668
66682
66718
66809
66856
66872
67067
67123
67146
67163
67164
67187
67204
67261
67265
67309
67331
67339
67353
67359
67433
67457
67626
67655
67677
67713
67720
67871
67887
67925
67930
67957
68007
68019
68076
68116
68129
68169
68198
68208
68235
68241
68252
68270
68282
68285
68301
68324
68327
68467
68469
68486
68489
68499
68508
68774
68812
68823
68884
68893
68975
69014
69016
69037
69094
69096
69108
69112
69155
69187
69206
69230
69238
69389
69436
69494
69589
69619
69652
69692
69693
69747
69754
69776
69798
69822
69825
69829
69891
69908
69992
69997
70053
70090
70173
70311
70321
70368
70370
70377
70394
70439
70485
70500
70528
70529
70532
70545
70566
70609
70618
70622
70629
70637
70658
70673
70717
70776
70798
70801
70809
70820
70836
70837
70895
70925
70929
70935
71011
71024
71039
71043
71045
71088
71149
71160
71222
71284
71371
71402
71407
71408
71414
71415
71420
71472
71494
71511
71561
71582
71587
71759
71803
71807
71868
71921
71946
72008
72040
72046
72136
72140
72148
72203
72209
72211
72212
72218
72224
72258
72279
72364
72375
72428
72442
72519
72556
72593
72618
72620
72627
72673
72685
72689
72727
72733
72745
72746
72749
72756
72791
72794
72820
72825
72829
72847
72848
72851
72902
72929
72963
72971
73014
73025
73030
73044
73051
73069
73070
73078
73091
73111
73116
73174
73198
73254
73282
73298
73323
73370
73372
73378
73391
73404
73408
73410
73446
73453
73471
73514
73523
73540
73584
73601
73617
73622
73633
73668
73691
73861
73922
73977
73979
73984
74047
74050
74051
74060
74070
74081
74083
74104
74119
74210
74212
74227
74249
74272
74273
74286
74439
74454
74476
74522
74667
74681
74759
74776
74838
74862
74954
75062
75088
75199
75251
75303
75323
75331
75337
75351
75352
75380
75395
75417
75419
75489
75591
75622
75638
75665
75668
75720
75791
75793
75889
75938
75947
75960
75994
76028
76062
76079
76141
76326
76374
76389
76424
76495
76508
76572
76590
76606
76648
76731
76811
76932
76934
77019
77083
77142
77156
77174
77187
77205
77269
77370
77448
77469
77526
77710
77779
77784
77830
77876
77927
78116
78120
78194
78293
78418
78480
78513
78561
78646
78743
78744
78784
78789
78915
79128
79130
79164
79177
79321
79542
79570
79655
79686
79687
79735
79745
79765
79781
79803
79873
80001
80234
80304
80384
80483
80499
80567
80621
80638
80677
80687
80700
80859
80881
81069
81071
81073
81121
81176
81180
81203
81207
81249
81294
81295
81308
81370
81375
81384
81430
81470
81519
81573
81574
81576
81578
81580
81584
81599
81669
81706
81723
81743
81755
81782
81815
81820
81822
81823
81829
81874
81893
81906
81934
81970
81991
82035
82036
82174
82204
82206
82214
82283
82297
82361
82365
82401
82480
82491
82507
82537
82538
82545
82567
82613
82650
82664
82678
82679
82729
82735
82741
82830
82834
82841
82852
82875
82881
82914
82935
82967
83088
83137
83153
83183
83187
83223
83233
83237
83238
83262
83275
83295
83301
83306
83310
83368
83374
83386
83410
83425
83453
83478
83497
83502
83543
83561
83584
83598
83607
83645
83662
83667
83678
83702
83705
83754
83766
83785
83786
83840
83864
83887
83893
83946
84107
84178
84250
84254
84268
84278
84296
84347
84364
84408
84461
84505
84540
84546
84569
84586
84618
84668
84682
84686
84697
84736
84766
84784
84785
84811
84812
84841
84904
84906
84910
84926
84930
84936
84945
84967
84975
85030
85154
85155
85167
85177
85207
85218
85233
85258
85285
85300
85309
85311
85314
85325
85374
85383
85408
85412
85445
85505
85509
85561
85580
85591
85655
85685
85735
85828
85886
85929
85949
86267
86303
86375
86432
86434
86465
86469
86506
86544
86604
86868
86880
86888
86898
86904
86914
86933
86936
86984
87001
87022
87106
87151
87152
87154
87280
87283
87330
87359
87376
87386
87436
87505
87577
87613
87668
87725
87819
87959
87964
87978
88053
88104
88136
88154
88164
88210
88243
88334
88360
88439
88500
88528
88585
88655
88670
88714
88753
88758
88787
88802
88889
88947
88948
89023
89086
89119
89178
89193
89213
89259
89298
89310
89340
89358
89369
89451
89521
89523
89712
89732
89761
89800
89804
89856
89859
89869
89877
89889
89890
89903
89909
89947
90093
90207
90304
90318
90323
90329
90338
90374
90397
90404
90489
90609
90614
90622
90626
90659
90686
90748
90764
90797
90798
90799
90808
90960
91016
91190
91194
91293
91328
91463
91465
91539
91575
91593
91604
91637
91718
91802
91812
91823
91858
91867
91923
91936
91987
92097
92112
92203
92212
92223
92288
92298
92324
92363
92364
92367
92418
92431
92446
92453
92582
92645
92673
92764
92772
92829
92917
92919
92940
93047
93067
93168
93178
93186
93226
93266
93374
93375
93409
93460
93492
93519
93568
93603
93617
93662
93703
93712
93921
93930
93946
94024
94081
94148
94165
94252
94254
94335
94357
94627
94645
94664
94671
94679
94718
94727
94820
94843
94844
94859
94864
94870
94935
94987
94993
95251
95284
95384
95448
95452
95463
95479
95562
95628
95740
95794
95898
96031
96099
96109
96137
96169
96373
96379
96439
96441
96568
96597
96767
96770
96784
96793
96885
96982
97056
97063
97148
97254
97309
97371
97417
97597
97648
97667
97836
97854
97896
97938
97948
97967
97979
98160
98161
98170
98251
98421
98432
98439
98452
98489
98548
98551
98574
98614
98795
98816
98966
98976
99034
99104
99146
99147
99167
99496
99545
99677
99788
99821
99871
100049
100058
100060
100064
100150
100194
100361
100362
100501
100650
100754
100761
100842
101087
101204
101222
101231
101351
101355
101365
101371
101408
101459
101503
101570
101600
101609
101894
101910
101963
102043
102091
102104
102108
102290
102294
102355
102437
102470
102512
102644
102757
102792
102809
102828
102913
102971
102990
102991
103052
103193
103220
103221
103296
103339
103434
103453
103462
103464
103512
103526
103628
103634
103657
103659
103767
103815
103920
104251
104368
104373
104502
104538
104542
104632
104634
104671
104792
104794
104797
104860
104861
104882
105016
105042
105162
105194
105261
105278
105361
105515
105532
105681
105693
105703
105806
105839
105853
105929
106055
106135
106281
106333
106370
106413
106444
106555
106645
106706
106722
106886
106922
107335
107348
107384
107544
107575
107626
107629
107656
107690
107783
107828
107834
107879
107886
107993
108010
108199
108258
108305
108424
108435
108487
108539
108591
108613
108749
108767
108812
108864
108885
108901
109152
109268
109347
109371
109376
109406
109433
109444
109493
109596
109870
109876
109923
110069
110083
110381
110435
110460
110519
110541
110564
110588
110593
110598
110657
110717
110921
110925
110993
111009
111112
111130
111170
111361
111381
111533
111568
111736
111830
111843
111908
112073
112159
112213
112215
112223
112389
112472
112512
112526
112637
112775
112958
112987
113002
113039
113042
113146
113448
113451
113461
113576
113634
113719
113859
113958
114026
114031
114068
114140
114180
114199
114342
114440
114449
114543
114664
114809
114814
114825
114839
114857
114955
115047
115104
115619
115674
115699
115702
115859
115892
116088
116180
116185
116223
116312
116342
116368
116494
116531
116661
116759
116762
116773
116854
116919
116980
117006
117053
117104
117109
117157
117181
117183
117216
117352
117416
117451
117466
117554
117652
117802
117846
117853
117878
117902
117903
118122
118132
118245
118285
118424
118467
118517
118521
118660
118661
118666
118677
118699
118919
118946
119041
119217
119447
119508
119839
119898
120113
120167
120256
120304
120313
120516
120533
120593
120732
120928
121127
121128
121170
121328
121331
121473
121591
121649
121676
121696
121699
121795
121887
121922
121967
121994
122109
122206
122266
122275
122331
122411
122416
122458
122506
122512
122536
122559
122596
122639
122775
122865
122932
122944
123039
123099
123333
123343
123348
123370
123395
123477
123521
123566
123824
123834
123890
123899
123925
123991
124065
124095
124111
124130
124246
124381
124477
124566
124624
124783
124879
