3606
4664
4360
4425
4473
4550
4646
4688
4865
4934
5116
5242
5280
5830
5982
96
716
1871
2516
2518
2709
2914
3049
3064
3334
3572
3746
4162
4302
4389
4390
4407
4408
4459
4463
4479
4481
4542
4548
4561
4575
4583
4588
4589
4669
4704
4728
4790
4812
4827
4850
4860
4861
4887
4891
4917
4938
4943
4946
4982
5010
5012
5081
5103
5112
5126
5141
5154
5182
5187
5192
5209
5223
5227
5262
5273
5301
5338
5341
5347
5372
5408
5446
5474
5485
5533
5544
5559
5584
5607
5630
5662
5703
5739
5786
5797
5871
5885
5939
6020
6038
6064
6081
6085
16
59
88
133
138
215
229
362
547
642
647
659
667
679
691
699
706
741
746
771
772
790
818
848
850
864
899
904
922
940
944
951
952
1021
1023
1042
1052
1068
1072
1130
1139
1227
1312
1333
1380
1386
1456
1559
1591
1594
1615
1626
1651
1665
1700
1750
1769
1784
1853
1870
1896
1998
2006
2055
2089
2106
2108
2208
2225
2536
2550
2577
2769
2882
2892
2905
3065
3102
3154
3263
3302
3305
3322
3330
3333
3350
3368
3403
3404
3416
3496
3500
3501
3502
3566
3645
3651
3702
3744
3777
3785
3795
3839
3852
3883
3885
3887
3888
3894
3950
3974
4051
4081
4180
4208
4244
4246
4247
4303
4306
4314
4361
4365
4366
4368
4413
4434
4437
4444
4449
4450
4453
4470
4472
4490
4491
4494
4495
4499
4505
4521
4523
4530
4534
4535
4545
4553
4556
4559
4564
4570
4577
4581
4593
4598
4605
4606
4608
4618
4621
4625
4627
4628
4630
4636
4638
4639
4640
4647
4648
4655
4657
4665
4668
4680
4690
4692
4693
4695
4707
4709
4722
4723
4726
4734
4737
4744
4748
4754
4775
4785
4797
4804
4807
4829
4830
4842
4844
4859
4866
4870
4873
4875
4885
4886
4900
4909
4914
4915
4918
4919
4927
4931
4937
4939
4958
4959
4973
4976
4980
4985
4988
4992
4997
5018
5019
5024
5029
5032
5034
5039
5053
5059
5076
5078
5097
5098
5101
5107
5114
5123
5131
5152
5158
5163
5165
5178
5191
5197
5205
5208
5216
5217
5233
5244
5247
5249
5253
5256
5259
5263
5269
5277
5286
5298
5302
5305
5310
5316
5318
5323
5331
5332
5336
5343
5350
5353
5354
5362
5371
5388
5390
5395
5398
5413
5417
5423
5434
5436
5437
5443
5449
5453
5463
5468
5475
5499
5508
5511
5518
5522
5523
5530
5537
5540
5554
5557
5558
5567
5570
5583
5592
5594
5595
5597
5599
5602
5603
5604
5606
5608
5613
5617
5652
5656
5664
5665
5692
5693
5708
5709
5717
5718
5723
5726
5748
5751
5755
5756
5763
5769
5776
5783
5789
5790
5794
5800
5801
5807
5808
5817
5823
5834
5846
5857
5858
5867
5870
5872
5873
5874
5883
5886
5887
5895
5906
5910
5912
5914
5915
5917
5921
5934
5945
5947
5953
5965
5973
5974
5976
5977
5985
5986
5987
5989
5993
6008
6018
6032
6034
3
4
5
7
8
11
12
13
15
20
28
31
33
34
35
36
38
41
44
46
47
48
51
53
54
55
56
57
60
64
66
67
70
73
75
77
78
79
80
81
82
83
84
85
86
87
95
98
100
101
105
106
108
110
112
115
116
118
119
120
121
124
125
127
132
135
136
137
139
140
142
147
149
150
151
152
154
156
160
161
162
166
169
171
172
173
174
175
177
179
180
181
182
183
184
185
187
190
194
195
196
197
198
200
205
206
207
208
210
211
212
219
220
221
222
228
231
232
233
236
239
240
246
247
248
249
251
254
255
261
264
267
268
269
271
273
277
279
280
287
293
296
297
306
310
312
313
314
315
316
317
318
320
321
324
328
329
330
331
335
337
338
341
342
343
351
358
363
367
374
376
377
381
382
385
387
392
393
396
397
400
401
403
405
406
407
408
411
412
414
417
420
422
424
428
430
431
436
437
439
446
447
448
451
452
453
454
456
457
458
459
460
464
466
468
470
474
475
476
477
478
480
483
487
488
489
491
492
493
495
496
502
506
514
516
517
520
521
522
523
525
526
527
529
531
534
537
538
540
541
545
553
554
559
560
561
565
576
578
580
582
584
585
592
595
598
600
601
607
608
614
616
618
619
622
627
628
629
630
634
637
640
641
646
648
650
655
656
657
660
664
666
668
672
674
675
677
678
682
683
685
689
694
695
696
702
703
707
708
709
710
712
715
718
720
721
722
724
731
732
735
737
738
739
743
745
750
753
758
760
761
762
763
767
768
769
770
773
774
775
777
778
782
785
786
787
788
792
793
794
797
798
799
801
803
806
808
811
812
813
815
816
817
820
821
822
824
826
829
833
837
840
841
842
844
845
851
852
854
856
858
861
867
868
871
873
875
877
878
880
881
883
885
886
887
888
891
896
897
898
900
902
903
907
909
910
911
913
916
921
923
924
927
932
933
934
935
939
941
942
946
949
953
956
957
958
959
962
965
968
969
970
973
974
975
976
979
981
982
984
985
988
992
994
997
999
1000
1002
1004
1006
1007
1015
1017
1026
1027
1034
1036
1037
1038
1039
1043
1044
1050
1051
1054
1055
1061
1062
1063
1064
1065
1069
1070
1071
1074
1078
1080
1081
1083
1085
1086
1087
1088
1092
1094
1099
1101
1105
1106
1109
1110
1112
1113
1115
1117
1120
1123
1124
1129
1132
1133
1135
1136
1137
1142
1143
1146
1147
1148
1150
1151
1152
1157
1163
1165
1168
1169
1172
1173
1175
1176
1177
1180
1181
1184
1185
1187
1189
1192
1193
1194
1197
1201
1203
1204
1205
1211
1215
1220
1221
1224
1225
1226
1228
1229
1232
1234
1237
1238
1242
1246
1247
1253
1254
1255
1256
1257
1258
1259
1260
1261
1262
1263
1264
1265
1266
1267
1268
1269
1270
1271
1279
1281
1285
1286
1287
1289
1291
1292
1293
1294
1296
1297
1301
1303
1306
1310
1313
1314
1316
1317
1319
1322
1325
1326
1327
1331
1334
1336
1337
1339
1342
1344
1346
1351
1355
1358
1360
1361
1362
1366
1372
1377
1381
1382
1388
1389
1393
1397
1400
1401
1402
1403
1406
1407
1408
1416
1418
1420
1421
1422
1423
1424
1425
1426
1427
1429
1430
1436
1442
1443
1444
1451
1459
1464
1465
1466
1468
1470
1472
1473
1476
1478
1479
1480
1482
1483
1484
1488
1489
1491
1498
1503
1507
1512
1515
1517
1518
1520
1521
1525
1526
1527
1528
1531
1533
1541
1543
1548
1549
1550
1553
1554
1557
1560
1561
1562
1563
1564
1566
1567
1570
1571
1572
1573
1580
1582
1584
1586
1588
1592
1598
1602
1606
1609
1612
1617
1620
1622
1625
1628
1629
1631
1633
1635
1636
1638
1644
1649
1650
1654
1655
1656
1657
1659
1660
1661
1667
1668
1679
1680
1682
1685
1686
1687
1689
1690
1692
1693
1694
1698
1702
1703
1704
1705
1706
1707
1709
1710
1711
1712
1717
1726
1727
1728
1729
1730
1731
1732
1734
1740
1747
1748
1752
1754
1755
1757
1758
1759
1762
1764
1765
1770
1771
1772
1773
1775
1776
1777
1785
1786
1787
1788
1791
1792
1794
1796
1804
1806
1810
1811
1812
1814
1815
1816
1817
1819
1820
1821
1822
1824
1826
1828
1830
1836
1837
1840
1841
1842
1851
1852
1854
1857
1861
1862
1863
1864
1865
1866
1868
1869
1873
1875
1878
1879
1883
1885
1886
1891
1892
1893
1894
1895
1897
1901
1903
1904
1912
1914
1918
1919
1921
1924
1926
1927
1929
1931
1934
1935
1936
1938
1941
1942
1943
1945
1947
1951
1952
1953
1960
1961
1962
1963
1965
1966
1967
1968
1969
1971
1972
1973
1974
1975
1976
1977
1979
1981
1983
1985
1986
1989
1991
1993
1995
1996
1997
1999
2000
2001
2002
2005
2008
2014
2015
2016
2017
2018
2019
2020
2021
2023
2030
2031
2035
2037
2038
2039
2040
2043
2044
2047
2048
2049
2051
2056
2058
2061
2063
2065
2069
2071
2075
2076
2078
2081
2082
2084
2091
2092
2093
2099
2100
2102
2105
2109
2110
2116
2123
2126
2130
2134
2136
2139
2142
2144
2147
2151
2152
2153
2154
2156
2157
2159
2160
2162
2164
2165
2167
2170
2171
2173
2174
2176
2177
2183
2184
2188
2189
2190
2195
2198
2200
2203
2209
2211
2214
2220
2221
2226
2227
2229
2231
2235
2237
2238
2240
2241
2244
2245
2247
2250
2251
2254
2255
2257
2259
2260
2262
2264
2265
2268
2272
2273
2275
2276
2277
2278
2279
2280
2282
2283
2285
2290
2291
2292
2298
2300
2303
2307
2308
2311
2312
2313
2317
2318
2320
2323
2326
2333
2334
2336
2337
2339
2341
2344
2345
2346
2347
2349
2350
2354
2361
2362
2366
2367
2369
2370
2371
2372
2374
2375
2383
2386
2387
2388
2389
2390
2392
2394
2395
2397
2398
2399
2400
2401
2404
2409
2410
2411
2414
2416
2417
2421
2423
2424
2425
2426
2429
2433
2437
2440
2443
2445
2447
2448
2449
2452
2454
2455
2457
2459
2460
2461
2464
2465
2467
2468
2471
2475
2477
2479
2481
2484
2486
2490
2492
2493
2494
2495
2496
2497
2498
2501
2502
2503
2506
2507
2510
2511
2512
2514
2515
2519
2523
2524
2525
2526
2529
2530
2532
2533
2535
2537
2538
2540
2543
2544
2545
2548
2551
2552
2554
2555
2558
2559
2560
2561
2562
2565
2566
2567
2569
2570
2572
2582
2583
2586
2593
2596
2601
2602
2603
2607
2609
2610
2611
2612
2613
2615
2617
2618
2619
2623
2626
2629
2633
2635
2636
2637
2638
2640
2641
2642
2643
2645
2649
2650
2651
2655
2658
2659
2661
2665
2666
2667
2668
2669
2671
2673
2674
2676
2677
2680
2683
2684
2685
2686
2687
2688
2690
2691
2694
2698
2700
2702
2703
2704
2705
2706
2707
2710
2714
2715
2716
2718
2726
2727
2729
2730
2731
2732
2733
2734
2735
2737
2738
2739
2740
2741
2745
2746
2747
2748
2749
2750
2752
2753
2754
2755
2756
2757
2758
2759
2762
2764
2766
2770
2775
2777
2779
2781
2785
2789
2790
2791
2793
2794
2795
2798
2799
2800
2801
2806
2807
2809
2812
2816
2817
2818
2823
2824
2828
2832
2833
2837
2838
2839
2840
2841
2843
2844
2846
2847
2848
2849
2850
2851
2854
2855
2856
2860
2861
2862
2866
2868
2869
2871
2875
2877
2880
2884
2886
2887
2888
2898
2901
2902
2903
2906
2908
2910
2913
2918
2919
2921
2926
2928
2931
2934
2941
2947
2949
2951
2952
2953
2958
2959
2961
2963
2964
2967
2972
2975
2976
2977
2978
2983
2984
2990
2995
2999
3001
3003
3004
3005
3006
3009
3012
3013
3014
3017
3018
3019
3021
3023
3024
3025
3030
3031
3033
3037
3038
3039
3040
3043
3044
3046
3051
3052
3053
3055
3056
3057
3061
3070
3079
3080
3083
3085
3087
3090
3091
3092
3095
3098
3101
3103
3105
3107
3112
3116
3117
3120
3122
3123
3124
3126
3128
3129
3130
3131
3137
3138
3139
3140
3141
3142
3143
3144
3145
3146
3147
3148
3152
3153
3156
3161
3166
3167
3169
3171
3172
3174
3175
3178
3179
3183
3185
3186
3191
3193
3195
3196
3198
3201
3202
3204
3205
3206
3209
3217
3218
3219
3220
3221
3223
3225
3229
3231
3232
3238
3241
3242
3243
3245
3246
3249
3252
3254
3256
3258
3259
3260
3261
3265
3266
3267
3268
3269
3270
3271
3273
3275
3276
3277
3278
3281
3283
3286
3287
3288
3289
3291
3292
3293
3294
3297
3303
3310
3313
3314
3317
3323
3324
3325
3326
3327
3328
3329
3331
3340
3341
3343
3344
3345
3346
3347
3348
3349
3351
3353
3354
3357
3360
3363
3369
3370
3379
3380
3381
3383
3387
3388
3392
3393
3395
3397
3398
3402
3405
3408
3414
3415
3417
3418
3419
3422
3427
3428
3433
3440
3441
3443
3444
3445
3449
3452
3455
3456
3457
3458
3460
3464
3471
3472
3473
3477
3479
3480
3482
3483
3488
3490
3491
3492
3495
3507
3508
3510
3514
3515
3517
3518
3521
3523
3525
3527
3528
3534
3536
3538
3539
3540
3542
3543
3544
3547
3548
3549
3550
3552
3553
3554
3557
3560
3561
3565
3571
3576
3577
3578
3579
3582
3583
3584
3585
3587
3588
3595
3597
3600
3601
3602
3608
3609
3610
3612
3613
3614
3616
3618
3622
3624
3626
3628
3629
3632
3634
3636
3637
3638
3641
3642
3643
3646
3647
3648
3649
3652
3653
3656
3657
3662
3666
3671
3672
3673
3674
3675
3676
3677
3680
3681
3682
3685
3686
3687
3688
3690
3691
3694
3697
3698
3700
3705
3706
3707
3708
3710
3717
3719
3720
3721
3722
3723
3731
3738
3740
3742
3747
3748
3749
3750
3751
3753
3755
3758
3759
3760
3767
3769
3770
3771
3772
3773
3776
3779
3780
3782
3783
3786
3787
3790
3793
3797
3798
3799
3800
3801
3803
3805
3807
3809
3811
3813
3814
3816
3820
3821
3823
3824
3825
3826
3827
3828
3830
3831
3832
3834
3835
3838
3840
3842
3843
3844
3851
3854
3856
3863
3864
3865
3867
3868
3869
3871
3872
3873
3875
3877
3878
3880
3881
3884
3886
3889
3892
3893
3895
3900
3903
3904
3905
3906
3908
3910
3914
3915
3916
3917
3918
3919
3920
3921
3922
3923
3925
3934
3943
3944
3949
3951
3952
3953
3955
3956
3958
3959
3960
3962
3963
3964
3967
3970
3971
3973
3975
3978
3979
3980
3981
3983
3984
3986
3988
3989
3992
3994
3997
3998
3999
4001
4003
4004
4007
4008
4009
4012
4019
4023
4026
4027
4028
4031
4032
4033
4034
4035
4036
4040
4041
4042
4044
4045
4046
4048
4049
4052
4055
4057
4059
4061
4064
4065
4067
4069
4070
4072
4073
4074
4076
4080
4083
4085
4086
4087
4088
4089
4090
4096
4097
4098
4099
4101
4109
4110
4113
4116
4118
4119
4123
4124
4125
4126
4127
4130
4132
4134
4135
4137
4138
4139
4141
4143
4144
4146
4147
4148
4149
4150
4151
4152
4153
4155
4156
4159
4161
4163
4164
4167
4169
4171
4173
4174
4176
4177
4181
4185
4186
4187
4188
4189
4191
4192
4194
4198
4202
4203
4204
4205
4206
4210
4211
4212
4214
4220
4221
4222
4223
4224
4226
4228
4232
4233
4234
4236
4238
4241
4242
4245
4248
4249
4252
4255
4256
4258
4260
4261
4263
4264
4266
4269
4271
4274
4276
4277
4279
4282
4286
4287
4288
4289
4290
4291
4292
4293
4294
4295
4296
4297
4298
4299
4300
4301
4305
4307
4309
4310
4311
4312
4313
4315
4316
4317
4318
4319
4323
4324
4326
4329
4331
4332
4335
4336
4337
4339
4340
4341
4344
4345
4346
4347
4348
4349
4351
4352
4353
4354
4356
4357
4358
4359
4364
4367
4369
4371
4373
4374
4375
4376
4378
4379
4381
4382
4383
4384
4387
4392
4394
4395
4397
4399
4400
4401
4403
4405
4409
4410
4415
4416
4417
4418
4419
4420
4422
4423
4424
4426
4427
4428
4430
4435
4436
4438
4439
4440
4441
4442
4443
4446
4447
4451
4452
4455
4458
4461
4462
4464
4465
4466
4467
4468
4471
4474
4477
4480
4483
4484
4485
4486
4487
4488
4489
4492
4493
4496
4497
4501
4502
4506
4508
4509
4513
4514
4515
4516
4517
4518
4519
4520
4522
4524
4525
4527
4528
4529
4531
4533
4537
4538
4541
4543
4544
4546
4547
4549
4551
4552
4555
4557
4558
4560
4562
4563
4566
4567
4568
4569
4571
4572
4573
4574
4576
4579
4580
4584
4585
4586
4587
4590
4591
4592
4594
4595
4596
4597
4600
4601
4603
4607
4609
4612
4613
4615
4616
4619
4620
4622
4623
4624
4626
4629
4632
4634
4635
4643
4644
4650
4651
4652
4653
4654
4658
4659
4660
4661
4663
4667
4670
4672
4673
4675
4676
4679
4681
4682
4684
4685
4686
4691
4694
4696
4697
4698
4699
4700
4702
4705
4706
4708
4711
4716
4717
4718
4719
4721
4724
4725
4729
4730
4731
4732
4733
4735
4736
4738
4739
4740
4741
4742
4743
4745
4746
4747
4749
4750
4753
4755
4756
4758
4759
4760
4765
4766
4768
4769
4770
4771
4772
4773
4774
4776
4778
4779
4780
4782
4783
4786
4789
4792
4793
4794
4798
4799
4800
4803
4806
4809
4811
4813
4814
4817
4819
4820
4823
4824
4825
4826
4828
4831
4832
4833
4834
4835
4838
4839
4840
4841
4843
4846
4847
4848
4849
4851
4852
4853
4855
4856
4857
4858
4862
4863
4864
4867
4868
4869
4871
4872
4874
4876
4877
4878
4879
4880
4882
4883
4884
4888
4889
4890
4893
4895
4896
4897
4898
4899
4903
4904
4905
4906
4907
4908
4911
4912
4913
4916
4921
4922
4923
4924
4926
4929
4930
4932
4933
4935
4936
4942
4944
4945
4948
4949
4950
4951
4954
4955
4956
4957
4960
4962
4964
4966
4967
4968
4969
4972
4974
4977
4978
4981
4983
4984
4986
4991
4993
4994
4996
4998
4999
5000
5001
5002
5003
5004
5005
5006
5007
5008
5009
5011
5013
5015
5016
5020
5021
5026
5027
5028
5030
5031
5033
5035
5036
5037
5038
5040
5041
5042
5044
5045
5046
5047
5048
5049
5054
5055
5057
5062
5064
5065
5067
5068
5069
5070
5072
5073
5075
5077
5079
5082
5083
5084
5085
5086
5087
5090
5091
5092
5093
5094
5096
5099
5102
5105
5108
5110
5111
5113
5115
5117
5118
5119
5120
5121
5124
5125
5127
5130
5132
5133
5134
5135
5136
5137
5138
5139
5142
5143
5144
5145
5147
5149
5150
5151
5153
5155
5157
5164
5166
5167
5168
5170
5171
5172
5173
5174
5175
5177
5179
5181
5183
5184
5185
5186
5188
5189
5190
5193
5194
5195
5196
5198
5199
5200
5201
5202
5203
5204
5206
5207
5210
5213
5215
5218
5219
5220
5221
5222
5224
5225
5226
5228
5229
5230
5231
5232
5235
5236
5237
5238
5239
5240
5241
5243
5246
5248
5251
5254
5257
5260
5261
5266
5268
5270
5271
5272
5276
5278
5279
5281
5283
5284
5285
5287
5289
5290
5293
5294
5295
5296
5297
5299
5300
5303
5304
5307
5308
5309
5312
5313
5314
5315
5317
5319
5325
5326
5328
5330
5333
5335
5337
5342
5345
5346
5348
5349
5351
5355
5356
5357
5358
5359
5360
5361
5363
5364
5365
5366
5367
5369
5370
5374
5375
5378
5380
5381
5382
5383
5385
5389
5393
5394
5396
5397
5399
5400
5401
5402
5403
5404
5407
5410
5411
5412
5414
5415
5416
5418
5420
5422
5424
5426
5427
5429
5431
5432
5438
5439
5440
5441
5442
5444
5445
5448
5450
5451
5454
5455
5456
5459
5465
5466
5467
5469
5470
5473
5476
5477
5478
5479
5480
5481
5484
5486
5487
5488
5489
5490
5491
5492
5493
5494
5496
5497
5500
5502
5503
5504
5505
5506
5507
5509
5510
5512
5513
5514
5515
5516
5517
5519
5520
5524
5527
5528
5529
5531
5532
5534
5536
5538
5539
5542
5545
5546
5547
5549
5550
5551
5552
5553
5555
5556
5560
5561
5564
5565
5566
5568
5569
5571
5573
5574
5575
5576
5578
5580
5581
5585
5588
5589
5591
5593
5596
5600
5601
5609
5610
5612
5614
5615
5616
5618
5619
5621
5622
5623
5625
5626
5627
5628
5629
5632
5634
5635
5637
5638
5639
5640
5641
5642
5643
5644
5645
5646
5647
5648
5649
5650
5651
5655
5658
5659
5660
5661
5666
5667
5668
5669
5670
5671
5672
5674
5675
5677
5679
5680
5681
5682
5685
5687
5688
5689
5690
5694
5696
5701
5704
5705
5707
5710
5711
5712
5714
5715
5716
5719
5720
5721
5724
5725
5727
5728
5729
5730
5731
5732
5733
5734
5736
5737
5738
5740
5741
5742
5743
5745
5746
5747
5749
5750
5752
5753
5754
5757
5758
5759
5760
5761
5764
5765
5766
5767
5768
5772
5773
5777
5779
5782
5785
5787
5788
5791
5792
5793
5796
5798
5799
5802
5803
5809
5810
5811
5812
5813
5814
5815
5818
5819
5820
5821
5822
5824
5825
5827
5828
5829
5831
5832
5833
5836
5839
5840
5842
5844
5849
5850
5851
5853
5854
5855
5856
5859
5861
5862
5863
5864
5866
5868
5869
5875
5877
5878
5879
5881
5882
5884
5888
5889
5890
5891
5892
5893
5897
5899
5900
5902
5904
5907
5908
5909
5911
5916
5919
5920
5922
5923
5924
5925
5928
5929
5932
5933
5935
5936
5937
5938
5940
5941
5942
5943
5944
5950
5951
5954
5955
5957
5958
5959
5960
5962
5963
5966
5967
5968
5969
5971
5972
5978
5979
5983
5984
5988
5990
5992
5994
5995
5996
5997
5999
6000
6001
6002
6003
6004
6005
6006
6007
6009
6010
6011
6012
6013
6014
6016
6017
6019
6021
6022
6023
6024
6025
6026
6027
6028
6029
6033
6035
6036
6037
6039
6040
6041
6042
6043
6044
6045
6046
6047
6048
6049
6051
6052
6055
6056
6058
6061
6062
6063
6065
6066
6067
6068
6070
6072
6073
6076
6079
6080
6082
0
1
2
6
9
10
14
17
18
19
21
22
23
24
25
26
27
29
30
32
37
39
40
42
43
45
49
50
52
58
61
62
63
65
68
69
71
72
74
76
89
90
91
92
93
94
97
99
102
103
104
107
109
111
113
114
117
122
123
126
128
129
130
131
134
141
143
144
145
146
148
153
155
157
158
159
163
164
165
167
168
170
176
178
186
188
189
191
192
193
199
201
202
203
204
209
213
214
216
217
218
223
224
225
226
227
230
234
235
237
238
241
242
243
244
245
250
252
253
256
257
258
259
260
262
263
265
266
270
272
274
275
276
278
281
282
283
284
285
286
288
289
290
291
292
294
295
298
299
300
301
302
303
304
305
307
308
309
311
319
322
323
325
326
327
332
333
334
336
339
340
344
345
346
347
348
349
350
352
353
354
355
356
357
359
360
361
364
365
366
368
369
370
371
372
373
375
378
379
380
383
384
386
388
389
390
391
394
395
398
399
402
404
409
410
413
415
416
418
419
421
423
425
426
427
429
432
433
434
435
438
440
441
442
443
444
445
449
450
455
461
462
463
465
467
469
471
472
473
479
481
482
484
485
486
490
494
497
498
499
500
501
503
504
505
507
508
509
510
511
512
513
515
518
519
524
528
530
532
533
535
536
539
542
543
544
546
548
549
550
551
552
555
556
557
558
562
563
564
566
567
568
569
570
571
572
573
574
575
577
579
581
583
586
587
588
589
590
591
593
594
596
597
599
602
603
604
605
606
609
610
611
612
613
615
617
620
621
623
624
625
626
631
632
633
635
636
638
639
643
644
645
649
651
652
653
654
658
661
662
663
665
669
670
671
673
676
680
681
684
686
687
688
690
692
693
697
698
700
701
704
705
711
713
714
717
719
723
725
726
727
728
729
730
733
734
736
740
742
744
747
748
749
751
752
754
755
756
757
759
764
765
766
776
779
780
781
783
784
789
791
795
796
800
802
804
805
807
809
810
814
819
823
825
827
828
830
831
832
834
835
836
838
839
843
846
847
849
853
855
857
859
860
862
863
865
866
869
870
872
874
876
879
882
884
889
890
892
893
894
895
901
905
906
908
912
914
915
917
918
919
920
925
926
928
929
930
931
936
937
938
943
945
947
948
950
954
955
960
961
963
964
966
967
971
972
977
978
980
983
986
987
989
990
991
993
995
996
998
1001
1003
1005
1008
1009
1010
1011
1012
1013
1014
1016
1018
1019
1020
1022
1024
1025
1028
1029
1030
1031
1032
1033
1035
1040
1041
1045
1046
1047
1048
1049
1053
1056
1057
1058
1059
1060
1066
1067
1073
1075
1076
1077
1079
1082
1084
1089
1090
1091
1093
1095
1096
1097
1098
1100
1102
1103
1104
1107
1108
1111
1114
1116
1118
1119
1121
1122
1125
1126
1127
1128
1131
1134
1138
1140
1141
1144
1145
1149
1153
1154
1155
1156
1158
1159
1160
1161
1162
1164
1166
1167
1170
1171
1174
1178
1179
1182
1183
1186
1188
1190
1191
1195
1196
1198
1199
1200
1202
1206
1207
1208
1209
1210
1212
1213
1214
1216
1217
1218
1219
1222
1223
1230
1231
1233
1235
1236
1239
1240
1241
1243
1244
1245
1248
1249
1250
1251
1252
1272
1273
1274
1275
1276
1277
1278
1280
1282
1283
1284
1288
1290
1295
1298
1299
1300
1302
1304
1305
1307
1308
1309
1311
1315
1318
1320
1321
1323
1324
1328
1329
1330
1332
1335
1338
1340
1341
1343
1345
1347
1348
1349
1350
1352
1353
1354
1356
1357
1359
1363
1364
1365
1367
1368
1369
1370
1371
1373
1374
1375
1376
1378
1379
1383
1384
1385
1387
1390
1391
1392
1394
1395
1396
1398
1399
1404
1405
1409
1410
1411
1412
1413
1414
1415
1417
1419
1428
1431
1432
1433
1434
1435
1437
1438
1439
1440
1441
1445
1446
1447
1448
1449
1450
1452
1453
1454
1455
1457
1458
1460
1461
1462
1463
1467
1469
1471
1474
1475
1477
1481
1485
1486
1487
1490
1492
1493
1494
1495
1496
1497
1499
1500
1501
1502
1504
1505
1506
1508
1509
1510
1511
1513
1514
1516
1519
1522
1523
1524
1529
1530
1532
1534
1535
1536
1537
1538
1539
1540
1542
1544
1545
1546
1547
1551
1552
1555
1556
1558
1565
1568
1569
1574
1575
1576
1577
1578
1579
1581
1583
1585
1587
1589
1590
1593
1595
1596
1597
1599
1600
1601
1603
1604
1605
1607
1608
1610
1611
1613
1614
1616
1618
1619
1621
1623
1624
1627
1630
1632
1634
1637
1639
1640
1641
1642
1643
1645
1646
1647
1648
1652
1653
1658
1662
1663
1664
1666
1669
1670
1671
1672
1673
1674
1675
1676
1677
1678
1681
1683
1684
1688
1691
1695
1696
1697
1699
1701
1708
1713
1714
1715
1716
1718
1719
1720
1721
1722
1723
1724
1725
1733
1735
1736
1737
1738
1739
1741
1742
1743
1744
1745
1746
1749
1751
1753
1756
1760
1761
1763
1766
1767
1768
1774
1778
1779
1780
1781
1782
1783
1789
1790
1793
1795
1797
1798
1799
1800
1801
1802
1803
1805
1807
1808
1809
1813
1818
1823
1825
1827
1829
1831
1832
1833
1834
1835
1838
1839
1843
1844
1845
1846
1847
1848
1849
1850
1855
1856
1858
1859
1860
1867
1872
1874
1876
1877
1880
1881
1882
1884
1887
1888
1889
1890
1898
1899
1900
1902
1905
1906
1907
1908
1909
1910
1911
1913
1915
1916
1917
1920
1922
1923
1925
1928
1930
1932
1933
1937
1939
1940
1944
1946
1948
1949
1950
1954
1955
1956
1957
1958
1959
1964
1970
1978
1980
1982
1984
1987
1988
1990
1992
1994
2003
2004
2007
2009
2010
2011
2012
2013
2022
2024
2025
2026
2027
2028
2029
2032
2033
2034
2036
2041
2042
2045
2046
2050
2052
2053
2054
2057
2059
2060
2062
2064
2066
2067
2068
2070
2072
2073
2074
2077
2079
2080
2083
2085
2086
2087
2088
2090
2094
2095
2096
2097
2098
2101
2103
2104
2107
2111
2112
2113
2114
2115
2117
2118
2119
2120
2121
2122
2124
2125
2127
2128
2129
2131
2132
2133
2135
2137
2138
2140
2141
2143
2145
2146
2148
2149
2150
2155
2158
2161
2163
2166
2168
2169
2172
2175
2178
2179
2180
2181
2182
2185
2186
2187
2191
2192
2193
2194
2196
2197
2199
2201
2202
2204
2205
2206
2207
2210
2212
2213
2215
2216
2217
2218
2219
2222
2223
2224
2228
2230
2232
2233
2234
2236
2239
2242
2243
2246
2248
2249
2252
2253
2256
2258
2261
2263
2266
2267
2269
2270
2271
2274
2281
2284
2286
2287
2288
2289
2293
2294
2295
2296
2297
2299
2301
2302
2304
2305
2306
2309
2310
2314
2315
2316
2319
2321
2322
2324
2325
2327
2328
2329
2330
2331
2332
2335
2338
2340
2342
2343
2348
2351
2352
2353
2355
2356
2357
2358
2359
2360
2363
2364
2365
2368
2373
2376
2377
2378
2379
2380
2381
2382
2384
2385
2391
2393
2396
2402
2403
2405
2406
2407
2408
2412
2413
2415
2418
2419
2420
2422
2427
2428
2430
2431
2432
2434
2435
2436
2438
2439
2441
2442
2444
2446
2450
2451
2453
2456
2458
2462
2463
2466
2469
2470
2472
2473
2474
2476
2478
2480
2482
2483
2485
2487
2488
2489
2491
2499
2500
2504
2505
2508
2509
2513
2517
2520
2521
2522
2527
2528
2531
2534
2539
2541
2542
2546
2547
2549
2553
2556
2557
2563
2564
2568
2571
2573
2574
2575
2576
2578
2579
2580
2581
2584
2585
2587
2588
2589
2590
2591
2592
2594
2595
2597
2598
2599
2600
2604
2605
2606
2608
2614
2616
2620
2621
2622
2624
2625
2627
2628
2630
2631
2632
2634
2639
2644
2646
2647
2648
2652
2653
2654
2656
2657
2660
2662
2663
2664
2670
2672
2675
2678
2679
2681
2682
2689
2692
2693
2695
2696
2697
2699
2701
2708
2711
2712
2713
2717
2719
2720
2721
2722
2723
2724
2725
2728
2736
2742
2743
2744
2751
2760
2761
2763
2765
2767
2768
2771
2772
2773
2774
2776
2778
2780
2782
2783
2784
2786
2787
2788
2792
2796
2797
2802
2803
2804
2805
2808
2810
2811
2813
2814
2815
2819
2820
2821
2822
2825
2826
2827
2829
2830
2831
2834
2835
2836
2842
2845
2852
2853
2857
2858
2859
2863
2864
2865
2867
2870
2872
2873
2874
2876
2878
2879
2881
2883
2885
2889
2890
2891
2893
2894
2895
2896
2897
2899
2900
2904
2907
2909
2911
2912
2915
2916
2917
2920
2922
2923
2924
2925
2927
2929
2930
2932
2933
2935
2936
2937
2938
2939
2940
2942
2943
2944
2945
2946
2948
2950
2954
2955
2956
2957
2960
2962
2965
2966
2968
2969
2970
2971
2973
2974
2979
2980
2981
2982
2985
2986
2987
2988
2989
2991
2992
2993
2994
2996
2997
2998
3000
3002
3007
3008
3010
3011
3015
3016
3020
3022
3026
3027
3028
3029
3032
3034
3035
3036
3041
3042
3045
3047
3048
3050
3054
3058
3059
3060
3062
3063
3066
3067
3068
3069
3071
3072
3073
3074
3075
3076
3077
3078
3081
3082
3084
3086
3088
3089
3093
3094
3096
3097
3099
3100
3104
3106
3108
3109
3110
3111
3113
3114
3115
3118
3119
3121
3125
3127
3132
3133
3134
3135
3136
3149
3150
3151
3155
3157
3158
3159
3160
3162
3163
3164
3165
3168
3170
3173
3176
3177
3180
3181
3182
3184
3187
3188
3189
3190
3192
3194
3197
3199
3200
3203
3207
3208
3210
3211
3212
3213
3214
3215
3216
3222
3224
3226
3227
3228
3230
3233
3234
3235
3236
3237
3239
3240
3244
3247
3248
3250
3251
3253
3255
3257
3262
3264
3272
3274
3279
3280
3282
3284
3285
3290
3295
3296
3298
3299
3300
3301
3304
3306
3307
3308
3309
3311
3312
3315
3316
3318
3319
3320
3321
3332
3335
3336
3337
3338
3339
3342
3352
3355
3356
3358
3359
3361
3362
3364
3365
3366
3367
3371
3372
3373
3374
3375
3376
3377
3378
3382
3384
3385
3386
3389
3390
3391
3394
3396
3399
3400
3401
3406
3407
3409
3410
3411
3412
3413
3420
3421
3423
3424
3425
3426
3429
3430
3431
3432
3434
3435
3436
3437
3438
3439
3442
3446
3447
3448
3450
3451
3453
3454
3459
3461
3462
3463
3465
3466
3467
3468
3469
3470
3474
3475
3476
3478
3481
3484
3485
3486
3487
3489
3493
3494
3497
3498
3499
3503
3504
3505
3506
3509
3511
3512
3513
3516
3519
3520
3522
3524
3526
3529
3530
3531
3532
3533
3535
3537
3541
3545
3546
3551
3555
3556
3558
3559
3562
3563
3564
3567
3568
3569
3570
3573
3574
3575
3580
3581
3586
3589
3590
3591
3592
3593
3594
3596
3598
3599
3603
3604
3605
3607
3611
3615
3617
3619
3620
3621
3623
3625
3627
3630
3631
3633
3635
3639
3640
3644
3650
3654
3655
3658
3659
3660
3661
3663
3664
3665
3667
3668
3669
3670
3678
3679
3683
3684
3689
3692
3693
3695
3696
3699
3701
3703
3704
3709
3711
3712
3713
3714
3715
3716
3718
3724
3725
3726
3727
3728
3729
3730
3732
3733
3734
3735
3736
3737
3739
3741
3743
3745
3752
3754
3756
3757
3761
3762
3763
3764
3765
3766
3768
3774
3775
3778
3781
3784
3788
3789
3791
3792
3794
3796
3802
3804
3806
3808
3810
3812
3815
3817
3818
3819
3822
3829
3833
3836
3837
3841
3845
3846
3847
3848
3849
3850
3853
3855
3857
3858
3859
3860
3861
3862
3866
3870
3874
3876
3879
3882
3890
3891
3896
3897
3898
3899
3901
3902
3907
3909
3911
3912
3913
3924
3926
3927
3928
3929
3930
3931
3932
3933
3935
3936
3937
3938
3939
3940
3941
3942
3945
3946
3947
3948
3954
3957
3961
3965
3966
3968
3969
3972
3976
3977
3982
3985
3987
3990
3991
3993
3995
3996
4000
4002
4005
4006
4010
4011
4013
4014
4015
4016
4017
4018
4020
4021
4022
4024
4025
4029
4030
4037
4038
4039
4043
4047
4050
4053
4054
4056
4058
4060
4062
4063
4066
4068
4071
4075
4077
4078
4079
4082
4084
4091
4092
4093
4094
4095
4100
4102
4103
4104
4105
4106
4107
4108
4111
4112
4114
4115
4117
4120
4121
4122
4128
4129
4131
4133
4136
4140
4142
4145
4154
4157
4158
4160
4165
4166
4168
4170
4172
4175
4178
4179
4182
4183
4184
4190
4193
4195
4196
4197
4199
4200
4201
4207
4209
4213
4215
4216
4217
4218
4219
4225
4227
4229
4230
4231
4235
4237
4239
4240
4243
4250
4251
4253
4254
4257
4259
4262
4265
4267
4268
4270
4272
4273
4275
4278
4280
4281
4283
4284
4285
4304
4308
4320
4321
4322
4325
4327
4328
4330
4333
4334
4338
4342
4343
4350
4355
4362
4363
4370
4372
4377
4380
4385
4386
4388
4391
4393
4396
4398
4402
4404
4406
4411
4412
4414
4421
4429
4431
4432
4433
4445
4448
4454
4456
4457
4460
4469
4475
4476
4478
4482
4498
4500
4503
4504
4507
4510
4511
4512
4526
4532
4536
4539
4540
4554
4565
4578
4582
4599
4602
4604
4610
4611
4614
4617
4631
4633
4637
4641
4642
4645
4649
4656
4662
4666
4671
4674
4677
4678
4683
4687
4689
4701
4703
4710
4712
4713
4714
4715
4720
4727
4751
4752
4757
4761
4762
4763
4764
4767
4777
4781
4784
4787
4788
4791
4795
4796
4801
4802
4805
4808
4810
4815
4816
4818
4821
4822
4836
4837
4845
4854
4881
4892
4894
4901
4902
4910
4920
4925
4928
4940
4941
4947
4952
4953
4961
4963
4965
4970
4971
4975
4979
4987
4989
4990
4995
5014
5017
5022
5023
5025
5043
5050
5051
5052
5056
5058
5060
5061
5063
5066
5071
5074
5080
5088
5089
5095
5100
5104
5106
5109
5122
5128
5129
5140
5146
5148
5156
5159
5160
5161
5162
5169
5176
5180
5211
5212
5214
5234
5245
5250
5252
5255
5258
5264
5265
5267
5274
5275
5282
5288
5291
5292
5306
5311
5320
5321
5322
5324
5327
5329
5334
5339
5340
5344
5352
5368
5373
5376
5377
5379
5384
5386
5387
5391
5392
5405
5406
5409
5419
5421
5425
5428
5430
5433
5435
5447
5452
5457
5458
5460
5461
5462
5464
5471
5472
5482
5483
5495
5498
5501
5521
5525
5526
5535
5541
5543
5548
5562
5563
5572
5577
5579
5582
5586
5587
5590
5598
5605
5611
5620
5624
5631
5633
5636
5653
5654
5657
5663
5673
5676
5678
5683
5684
5686
5691
5695
5697
5698
5699
5700
5702
5706
5713
5722
5735
5744
5762
5770
5771
5774
5775
5778
5780
5781
5784
5795
5804
5805
5806
5816
5826
5835
5837
5838
5841
5843
5845
5847
5848
5852
5860
5865
5876
5880
5894
5896
5898
5901
5903
5905
5913
5918
5926
5927
5930
5931
5946
5948
5949
5952
5956
5961
5964
5970
5975
5980
5981
5991
5998
6015
6030
6031
6050
6053
6054
6057
6059
6060
6069
6071
6074
6075
6077
6078
6083
6084
