1
33
43
102
137
147
155
186
227
285
314
361
384
411
444
509
556
557
608
627
632
646
735
740
743
750
775
801
809
836
838
905
952
959
966
972
975
991
1027
1064
1088
1096
1128
1152
1202
1203
1213
1216
1256
1266
1272
1276
1279
1281
1298
1302
1347
1359
1370
1381
1423
1424
1427
1467
1490
1515
1522
1542
1555
1567
1607
1622
1626
1628
1636
1684
1698
1755
1781
1824
1828
1885
1886
1918
1925
1929
1932
1940
1981
2004
2011
2057
2064
2081
2128
2171
2183
2242
2279
2371
2385
2402
2407
2416
2419
2420
2422
2445
2519
2565
2582
2596
2610
2619
2634
2642
2667
2703
2709
2728
2753
2768
2786
2802
2821
2855
2885
2897
2902
2916
2940
2941
2960
2966
2967
2976
2977
2998
3008
3030
3044
3050
3053
3059
3196
3212
3228
3260
3318
3325
3327
3339
3341
3392
3460
3538
3577
3597
3601
3626
3630
3670
3672
3689
3695
3698
3714
3733
3752
3777
3807
3908
3911
3928
3931
3932
3992
3996
4070
4114
4120
4136
4156
4180
4238
4257
4318
4325
4367
4373
4389
4409
4412
4413
4432
4468
4469
4574
4585
4648
4663
4674
4682
4688
4769
4775
4786
4793
4799
4817
4834
4842
4861
4874
4913
4943
4968
4981
4985
4998
4999
5000
5004
5005
5008
5010
5026
5027
5028
5033
5039
5041
5057
5062
5063
5066
5079
5088
5091
5093
5115
5127
5132
5133
5135
5139
5142
5143
5168
5195
5206
5207
5208
5214
5218
5228
5230
5232
5234
5241
5246
5249
5256
5277
5278
5282
5285
5290
5297
5305
5307
5311
5316
5318
5334
5339
5342
5352
5354
5355
5358
5360
5365
5366
5370
5383
5388
5393
5403
5409
5419
5421
5423
5424
5425
5430
5432
5438
5439
5441
5443
5449
5455
5459
5469
5475
5479
5486
5490
5492
5493
5497
5506
5507
5508
5510
5512
5540
5546
5552
5553
5558
5562
5567
5569
5570
5571
5572
5573
5576
5584
5616
5619
5621
5623
5626
5627
5631
5633
5651
5666
5685
5687
5691
5700
5703
5708
5716
5718
5727
5728
5730
5733
5735
5740
5749
5753
5762
5763
5771
5776
5778
5781
5782
5796
5801
5803
5817
5823
5832
5838
5840
5842
5843
5851
5852
5854
5857
5868
5872
5886
5894
5899
5909
5915
5917
5918
5919
5921
5926
5957
5960
5972
6043
6050
6080
6085
6099
6103
6143
6147
6167
6174
6210
6217
6218
6228
6234
6242
6244
6245
6256
6267
6282
6308
6329
6359
6400
6403
6419
6436
6467
6477
6479
6556
6562
6581
6621
6622
6652
6666
6672
6717
6727
6745
6749
6751
6753
6757
6776
6817
6819
6866
6907
6910
6911
6949
6960
6962
6966
6988
7000
7033
7065
7069
7074
7076
7108
7111
7141
7145
7176
7191
7232
7322
7372
7387
7404
7448
7455
7460
7463
7465
7478
7555
7557
7570
7603
7633
7640
7649
7654
7757
7779
7816
7817
7821
7908
7969
7994
7999
8022
8143
8175
8184
8196
8363
8382
8392
8461
8513
8517
8562
8573
8613
8622
8623
8627
8634
8668
8716
8799
8816
8858
8886
8915
8918
8925
8934
8948
8995
9028
9046
9063
9073
9087
9105
9111
9144
9153
9249
9285
9296
9323
9324
9388
9493
9539
9596
9601
9671
9691
9769
9770
9779
9810
9843
9851
9871
9874
9904
9911
9912
9913
10072
10085
10135
10266
10308
10339
10381
10382
10393
10408
10415
10429
10436
10443
10455
10468
10469
10476
10542
10682
10717
10764
10794
10815
10862
10871
10882
10887
10921
10932
10936
10964
10972
11045
11054
11061
11072
11136
11143
11178
11187
11201
11252
11285
11362
11373
11394
11466
11513
11532
11577
11592
11651
11665
11678
11681
11689
11699
11738
11757
11787
11806
11808
11812
11821
11828
11838
11857
11868
11883
11919
11931
11933
11943
11948
11978
12014
12093
12094
12095
12107
12120
12142
12158
12193
12199
12209
12217
12234
12280
12286
12390
12410
12420
12421
12431
12442
12481
12489
12495
12510
12538
12648
12685
12690
12769
12777
12797
12805
12814
12870
12874
12906
12960
13054
13083
13140
13217
13223
13283
13325
13361
13374
13396
13411
13425
13436
13484
13488
13520
13531
13537
13574
13660
13680
13698
13708
13713
13739
13793
13799
13804
13856
13884
13890
13911
14020
14030
14043
14095
14109
14132
14138
14291
14318
14408
14412
14435
14445
14451
14490
14546
14553
14590
14593
14603
14604
14606
14628
14664
14711
14715
14821
14834
14868
14892
14910
14971
14982
14984
14989
15004
15038
15066
15115
15142
15149
15189
15194
15205
15236
15237
15271
15280
15283
15305
15318
15322
15323
15329
15342
15426
15437
15530
15531
15561
15576
15582
15593
15602
15622
15640
15643
15646
15664
15682
15697
15745
15747
15759
15767
15774
15779
15784
15794
15910
15927
15995
16088
16090
16095
16109
16122
16138
16161
16196
16201
16211
16218
16332
16355
16384
16400
16408
16414
16450
16528
16632
16634
16642
16660
16751
16755
16764
16774
16804
16811
16835
16838
16894
16897
16923
16926
16990
17019
17025
17066
17101
17192
17210
17222
17224
17275
17298
17310
17326
17331
17384
17395
17401
17514
17531
17540
17543
17547
17592
17593
17626
17646
17674
17709
17716
17745
17784
17787
17792
17815
17822
17831
17855
17894
17895
17917
17918
17920
17922
17978
18037
18040
18041
18042
18045
18080
18118
18145
18165
18187
18226
18235
18276
18322
18323
18351
18365
18373
18393
18400
18405
18408
18454
18490
18498
18501
18514
18546
18572
18604
18675
18704
18719
18745
18913
18936
18937
18941
18950
18990
19020
19069
19085
19098
19107
19115
19127
19130
19138
19158
19200
19228
19232
19284
19293
19302
19312
19316
19322
19348
19363
19369
19593
19619
19629
19643
19645
19646
19687
19695
19743
19765
19792
19804
19833
19946
19956
19971
19989
20018
20072
20099
20107
20122
20180
20219
20225
20255
20271
20372
20402
20432
20478
20495
20547
20625
20701
20753
20759
20773
20790
20800
20814
20819
20839
20892
21026
21038
21066
21103
21158
21365
21366
21374
21389
21392
21394
21401
21402
21409
21438
21479
21481
21510
21511
21553
21555
21628
21646
21703
21750
21808
21853
21895
21901
21970
21987
22017
22018
22116
22117
22157
22171
22274
22321
22336
22349
22363
22376
22415
22432
22442
22445
22489
22510
22525
22530
22532
22538
22732
22801
22819
22891
22902
22913
22928
23018
23019
23052
23062
23068
23077
23078
23110
23124
23125
23132
23217
23408
23411
23414
23422
23540
23611
23672
23721
23793
23993
23999
24108
24151
24186
24214
24216
24259
24310
24323
24336
24339
24354
24365
24448
24534
24541
24560
24563
24652
24823
24829
24851
24856
24879
24904
24911
24913
24951
24959
24966
25019
25047
25050
25133
25143
25186
25233
25242
25245
25252
25293
25294
25330
25331
25337
25396
25409
25435
25470
25472
25504
25510
25511
25531
25629
25645
25677
25705
25708
25721
25893
25921
25923
25962
25969
25972
26056
26084
26106
26119
26200
26224
26238
26239
26250
26303
26315
26321
26410
26420
26602
26615
26648
26675
26746
26756
26840
26858
26942
26943
26963
27090
27145
27213
27223
27254
27264
27287
27290
27306
27316
27320
27366
27387
27388
27460
27555
27574
27575
27576
27614
27633
27656
27661
27662
27799
27837
27842
27844
27850
27867
27905
27935
27987
27998
28001
28125
28180
28219
28284
28384
28406
28415
28442
28464
28466
28495
28515
28528
28540
28604
28606
28645
28681
28693
28754
28779
28888
28912
28913
28972
28976
28984
28989
29009
29055
29080
29081
29084
29133
29141
29146
29163
29178
29184
29216
29288
29292
29314
29319
29393
29394
29412
29462
29582
29613
29616
29665
29679
29685
29697
29731
29746
29754
29757
29781
29789
29806
29843
29879
29903
29942
29967
30030
30054
30127
30147
30151
30153
30159
30187
30239
30265
30270
30278
30312
30325
30328
30334
30335
30341
30352
30361
30363
30369
30389
30392
30395
30421
30485
30533
30541
30557
30578
30612
30630
30636
30677
30714
30730
30761
30779
30828
30848
30850
30878
30884
30929
30935
30939
30975
30976
30978
31018
31114
31129
31152
31164
31190
31298
31330
31429
31430
31454
31463
31509
31544
31552
31636
31700
31717
31732
31754
31789
31845
31848
31890
31970
32004
32083
32088
32134
32135
32167
32178
32303
32345
32383
32410
32452
32510
32543
32565
32572
32622
32636
32714
32722
32724
32726
32732
32775
32866
32940
32965
33003
33044
33059
33123
33161
33211
33235
33238
33288
33307
33314
33336
33342
33350
33369
33374
33400
33401
33402
33419
33460
33502
33577
33582
33625
33731
33785
33802
33904
33920
33928
33938
33960
33963
33969
33972
33997
34028
34045
34048
34097
34099
34100
34104
34176
34246
34274
34330
34394
34447
34559
34568
34586
34592
34631
34635
34643
34668
34673
34708
34714
34770
34822
34843
34891
34952
35009
35035
35037
35077
35102
35128
35132
35151
35167
35172
35184
35190
35193
35224
35235
35239
35247
35259
35265
35323
35330
35341
35388
35449
35482
35489
35513
35514
35532
35533
35570
35587
35600
35631
35637
35653
35694
35733
35758
35782
35795
35807
35855
35883
35949
35968
35981
35990
35996
35998
35999
36000
36001
36061
36072
36084
36098
36156
36164
36174
36215
36264
36288
36292
36295
36318
36381
36392
36395
36416
36498
36507
36550
36558
36617
36664
36665
36757
36776
36791
36812
36818
36845
36850
36870
36917
36951
36953
36965
36983
37099
37117
37137
37172
37175
37197
37205
37223
37293
37387
37409
37454
37472
37483
37490
37593
37595
37607
37628
37639
37669
37683
37688
37718
37728
37734
37781
37794
37795
37799
37801
37816
37881
37902
37967
37979
38085
38145
38146
38154
38169
38178
38190
38204
38207
38214
38228
38239
38320
38322
38323
38330
38352
38363
38364
38365
38426
38438
38442
38447
38506
38524
38562
38563
38600
38621
38642
38644
38665
38687
38693
38790
38843
38875
38889
38890
38892
38903
38959
38967
38975
38993
39005
39061
39129
39194
39242
39255
39259
39267
39287
39316
39336
39424
39430
39448
39450
39454
39482
39530
39554
39555
39565
39580
39614
39620
39621
39634
39672
39691
39692
39738
39782
39798
39799
39817
39863
39899
39983
40024
40065
40069
40077
40091
40099
40161
40168
40201
40239
40269
40280
40334
40335
40372
40409
40423
40493
40615
40616
40619
40626
40649
40672
40690
40695
40696
40700
40711
40743
40748
40751
40761
40808
40824
40836
40840
40856
40876
40894
40900
40918
40944
41021
41084
41093
41103
41122
41126
41134
41144
41158
41159
41216
41230
41273
41296
41302
41330
41349
41388
41409
41440
41443
41497
41501
41558
41615
41622
41639
41644
41647
41696
41748
41800
41830
41846
41896
41898
41943
41957
41966
41969
41970
41979
42029
42030
42031
42038
42046
42072
42108
42189
42202
42272
42315
42376
42390
42393
42417
42432
42458
42487
42507
42513
42548
42555
42562
42620
42624
42631
42633
42650
42698
42720
42786
42810
42824
42829
42841
42866
42871
42892
43040
43057
43072
43073
43180
43212
43216
43255
43272
43277
43280
43284
43345
43347
43348
43435
43439
43449
43476
43524
43525
43536
43573
43625
43639
43662
43703
43720
43730
43743
43749
43773
43779
43813
43849
43895
43916
44021
44033
44045
44090
44141
44150
44185
44196
44197
44207
44225
44240
44245
44328
44331
44351
44375
44385
44386
44407
44455
44471
44499
44515
44524
44582
44584
44589
44645
44665
44668
44774
44777
44846
44869
44896
45037
45050
45085
45091
45113
45115
45128
45168
45198
45219
45262
45291
45314
45348
45377
45419
45434
45443
45500
45504
45525
45532
45569
45584
45597
45601
45609
45613
45620
45630
45638
45719
45784
45810
45827
45929
45941
46046
46084
46147
46162
46211
46215
46225
46228
46233
46247
46252
46324
46352
46353
46356
46379
46383
46387
46415
46431
46476
46484
46587
46589
46591
46616
46639
46656
46659
46660
46672
46692
46750
46756
46763
46809
46835
46842
46851
46921
46934
46946
46960
47001
47010
47017
47027
47059
47086
47112
47125
47126
47130
47131
47197
47229
47268
47274
47283
47293
47300
47328
47352
47366
47389
47394
47403
47408
47411
47449
47453
47455
47487
47489
47494
47495
47508
47514
47518
47532
47541
47560
47565
47600
47608
47613
47641
47643
47649
47658
47693
47733
47799
47829
47835
47841
47878
47892
47922
47929
47937
47950
47970
48000
48017
48018
48059
48060
48070
48112
48125
48134
48145
48157
48180
48200
48220
48226
48255
48269
48288
48289
48306
48323
48349
48392
48396
48402
48411
48420
48423
48438
48454
48455
48496
48528
48531
48533
48574
48607
48611
48623
48708
48720
48809
48818
48825
48848
48850
48855
48876
48918
48936
48946
48954
48970
48979
48982
49034
49078
49082
49125
49138
49141
49143
49152
49160
49175
49197
49220
49241
49318
49328
49337
49369
49424
49435
49437
49446
49451
49503
49508
49519
49544
49549
49680
49694
49696
49697
49715
49722
49736
49802
49803
49805
49809
49813
49817
49840
49842
49888
49907
49909
49936
49939
49954
49984
49995
50000
50002
50003
50005
50006
50012
50034
50036
50045
50050
50052
50054
50067
50069
50093
50094
50107
50130
50132
50135
50149
50153
50164
50166
50191
50217
50235
50249
50252
50253
50254
50256
50261
50269
50272
50277
50280
50347
50354
50355
50357
50367
50368
50392
50417
50421
50434
50448
50455
50458
50463
50464
50471
50493
50497
50536
50553
50554
50558
50564
50568
50582
50588
50596
50606
50608
50616
50624
50626
50628
50629
50631
50636
50641
50680
50682
50683
50691
50692
50696
50713
50714
50748
50753
50754
50760
50762
50771
50772
50783
50784
50786
50791
50792
50797
50813
50821
50824
50827
50853
50878
50883
50885
50887
50892
50903
50911
50914
50920
50941
50971
50974
50978
50989
50994
51007
51011
51027
51032
51038
51057
51059
51072
51074
51085
51090
51163
51164
51167
51177
51184
51187
51205
51206
51249
51256
51260
51264
51269
51280
51285
51294
51297
51298
51299
51303
51304
51308
51326
51356
51364
51374
51376
51400
51430
51466
51471
51476
51488
51503
51507
51511
51512
51535
51540
51579
51582
51583
51587
51618
51627
51691
51703
51709
51775
51790
51804
51827
51838
51850
51853
51871
51883
51888
51896
51911
51928
51979
52000
52005
52017
52021
52033
52056
52115
52116
52120
52122
52159
52165
52166
52185
52200
52208
52231
52313
52343
52347
52351
52352
52387
52417
52433
52451
52455
52531
52562
52596
52625
52635
52659
52672
52685
52700
52713
52760
52767
52791
52805
52835
52845
52917
52926
52939
52958
52972
52991
53023
53048
53053
53071
53091
53105
53120
53151
53175
53185
53192
53230
53236
53253
53255
53280
53302
53307
53349
53355
53380
53391
53408
53438
53492
53500
53502
53509
53542
53566
53572
53583
53622
53628
53645
53654
53669
53674
53680
53682
53691
53694
53696
53712
53726
53752
53760
53764
53782
53794
53820
53851
53858
53861
53879
53892
53896
53919
53921
53923
53926
53947
53951
53954
53977
54008
54042
54057
54068
54079
54082
54089
54098
54110
54134
54158
54217
54256
54267
54280
54288
54290
54296
54302
54314
54316
54339
54385
54390
54391
54392
54404
54405
54437
54447
54449
54457
54470
54504
54512
54516
54574
54586
54597
54610
54640
54688
54703
54712
54734
54742
54757
54758
54784
54803
54814
54856
54879
54915
54920
54921
54938
54940
54945
54947
54963
54973
54982
54987
54990
54995
55006
55007
55057
55079
55114
55172
55175
55196
55232
55289
55301
55330
55336
55355
55358
55387
55392
55488
55536
55582
55583
55591
55595
55601
55660
55668
55678
55754
55772
55776
55807
55827
55831
55855
55874
55898
55927
55942
55947
55950
55953
55968
55969
56001
56003
56024
56030
56034
56040
56063
56069
56103
56104
56132
56136
56138
56150
56159
56174
56187
56207
56228
56229
56231
56234
56254
56259
56272
56274
56276
56296
56301
56313
56314
56333
56352
56355
56367
56375
56390
56392
56406
56414
56434
56442
56480
56481
56497
56508
56522
56531
56557
56568
56575
56576
56582
56594
56604
56613
56624
56642
56649
56660
56669
56672
56674
56696
56698
56712
56761
56858
56863
56865
56867
56877
56884
56897
56909
56913
56952
56973
56976
57000
57002
57025
57030
57035
57042
57046
57080
57090
57099
57100
57110
57131
57155
57168
57183
57204
57250
57259
57264
57269
57289
57298
57328
57346
57375
57404
57410
57422
57437
57480
57481
57492
57534
57552
57572
57583
57609
57657
57678
57691
57692
57741
57796
57873
57882
57888
57915
57937
57973
57980
57991
57995
58001
58007
58028
58059
58067
58083
58112
58160
58166
58190
58191
58192
58196
58197
58237
58273
58301
58329
58337
58358
58364
58369
58399
58400
58418
58498
58515
58525
58568
58572
58586
58596
58598
58655
58668
58691
58714
58729
58743
58772
58830
58852
58889
58901
58902
58913
58920
58933
58943
58949
58976
58981
58987
58988
58991
59059
59060
59089
59099
59110
59135
59177
59187
59195
59287
59314
59316
59339
59409
59412
59420
59432
59436
59444
59459
59486
59493
59518
59525
59544
59557
59565
59628
59639
59657
59678
59718
59726
59733
59747
59770
59823
59838
59860
59861
59867
59869
59889
59893
59911
59923
59998
59999
60027
60029
60035
60054
60073
60081
60090
60115
60128
60157
60219
60230
60241
60315
60414
60429
60436
60447
60464
60487
60494
60519
60533
60543
60554
60567
60641
60646
60654
60662
60711
60721
60756
60763
60768
60807
60830
60837
60894
60904
60911
60943
60956
60973
61003
61013
61033
61037
61044
61051
61124
61180
61191
61220
61268
61289
61415
61423
61426
61451
61458
61459
61468
61502
61523
61574
61578
61588
61593
61594
61623
61627
61660
61697
61711
61735
61751
61756
61782
61815
61831
61838
61856
61889
61911
61970
61982
62012
62029
62037
62063
62082
62122
62150
62161
62190
62194
62220
62227
62289
62291
62311
62318
62339
62341
62353
62354
62363
62364
62380
62403
62414
62419
62431
62434
62441
62447
62453
62478
62501
62512
62514
62517
62529
62534
62545
62566
62567
62573
62575
62597
62652
62655
62747
62754
62761
62766
62778
62784
62785
62834
62848
62872
62880
62974
63038
63054
63075
63115
63123
63154
63163
63189
63201
63237
63253
63271
63282
63285
63348
63350
63353
63355
63403
63434
63452
63504
63530
63551
63575
63614
63620
63630
63639
63652
63658
63683
63732
63738
63745
63748
63749
63809
63825
63862
63882
63891
63896
63959
63968
64008
64012
64046
64061
64069
64075
64111
64115
64135
64148
64179
64184
64245
64255
64257
64269
64284
64350
64392
64401
64425
64510
64527
64548
64556
64560
64572
64576
64586
64587
64604
64610
64628
64649
64713
64726
64747
64755
64762
64797
64832
64846
64856
64872
64879
64896
64926
64932
64938
64956
64992
65044
65046
65100
65181
65211
65222
65256
65267
65271
65272
65331
65372
65377
65394
65403
65420
65426
65442
65472
65485
65501
65511
65566
65587
65590
65616
65617
65622
65641
65661
65677
65704
65712
65726
65772
65789
65797
65862
65889
65898
65902
65907
65913
65947
65959
65965
66009
66038
66072
66115
66128
66248
66255
66291
66299
66306
66308
66323
66332
66333
66381
66394
66397
66400
66406
66409
66511
66533
66561
66564
66587
66592
66595
66598
66601
66624
66668
66682
66689
66700
66713
66718
66759
66781
66789
66809
66828
66830
66856
66859
66872
66880
66914
66916
66918
66919
66935
66979
67001
67067
67103
67123
67129
67130
67133
67138
67146
67163
67164
67167
67183
67187
67204
67218
67232
67261
67265
67302
67303
67308
67309
67323
67329
67331
67339
67353
67354
67359
67396
67407
67408
67424
67430
67433
67445
67457
67573
67602
67626
67642
67655
67657
67660
67677
67704
67713
67715
67720
67730
67818
67824
67836
67845
67871
67887
67925
67930
67957
67960
68007
68019
68076
68110
68116
68129
68152
68157
68169
68193
68198
68201
68208
68235
68241
68252
68269
68270
68282
68285
68289
68298
68301
68317
68324
68327
68385
68413
68457
68459
68466
68467
68469
68486
68489
68492
68495
68496
68499
68505
68506
68508
68659
68663
68684
68704
68707
68741
68747
68749
68774
68795
68798
68812
68818
68823
68840
68856
68862
68884
68893
68921
68951
68957
68968
68975
69014
69016
69037
69086
69090
69094
69096
69108
69111
69112
69114
69124
69128
69155
69187
69206
69222
69230
69238
69273
69374
69389
69400
69405
69415
69436
69494
69513
69514
69564
69589
69597
69619
69640
69652
69665
69677
69690
69692
69693
69721
69733
69737
69747
69754
69755
69776
69794
69798
69809
69822
69825
69829
69835
69841
69864
69891
69900
69904
69907
69908
69987
69992
69997
70032
70053
70090
70120
70125
70126
70131
70144
70168
70173
70182
70237
70251
70264
70303
70311
70317
70321
70323
70331
70337
70340
70349
70368
70370
70377
70394
70410
70433
70439
70447
70485
70500
70501
70522
70528
70529
70532
70545
70558
70560
70561
70566
70582
70608
70609
70612
70618
70622
70629
70632
70637
70658
70673
70686
70697
70717
70723
70738
70754
70776
70798
70801
70808
70809
70811
70820
70827
70829
70836
70837
70843
70851
70860
70895
70916
70925
70929
70935
70943
70967
71011
71024
71039
71043
71045
71058
71088
71090
71098
71102
71125
71148
71149
71160
71161
71175
71215
71219
71222
71227
71233
71249
71254
71265
71284
71286
71302
71315
71325
71328
71371
71393
71399
71402
71407
71408
71414
71415
71420
71452
71472
71479
71487
71494
71511
71561
71566
71576
71582
71587
71621
71640
71676
71678
71722
71759
71785
71788
71803
71807
71844
71868
71888
71893
71896
71921
71946
72008
72017
72023
72040
72046
72109
72136
72140
72148
72151
72168
72203
72209
72211
72212
72218
72224
72253
72258
72272
72279
72300
72316
72350
72354
72364
72372
72375
72377
72392
72428
72432
72442
72450
72487
72499
72519
72538
72556
72560
72565
72593
72618
72620
72624
72627
72658
72673
72685
72689
72695
72727
72733
72745
72746
72747
72749
72756
72791
72794
72795
72804
72820
72825
72829
72847
72848
72851
72862
72902
72929
72963
72969
72971
72974
73002
73014
73016
73025
73030
73033
73044
73049
73051
73064
73069
73070
73078
73086
73090
73091
73111
73116
73130
73150
73174
73198
73252
73254
73282
73288
73298
73315
73323
73357
73370
73372
73378
73391
73404
73408
73410
73439
73446
73453
73471
73474
73508
73514
73516
73523
73540
73584
73601
73617
73622
73633
73639
73660
73668
73691
73716
73717
73724
73725
73735
73806
73849
73853
73861
73871
73922
73977
73979
73984
74045
74047
74050
74051
74054
74060
74070
74081
74083
74101
74104
74119
74194
74210
74212
74227
74249
74253
74263
74267
74272
74273
74280
74286
74414
74439
74441
74454
74476
74497
74504
74512
74522
74606
74613
74622
74638
74667
74679
74681
74713
74727
74738
74759
74776
74803
74810
74838
74856
74862
74887
74900
74926
74940
74954
74963
74970
74979
75030
75062
75079
75081
75088
75089
75096
75110
75115
75177
75178
75199
75247
75251
75253
75269
75273
75275
75295
75303
75315
75323
75331
75335
75337
75351
75352
75372
75380
75395
75407
75417
75419
75440
75441
75489
75493
75504
75523
75591
75613
75614
75622
75628
75638
75640
75665
75668
75720
75791
75793
75815
75825
75849
75865
75868
75877
75889
75919
75925
75938
75939
75945
75947
75960
75972
75992
75994
76002
76028
76051
76062
76079
76094
76096
76117
76141
76145
76185
76217
76288
76297
76326
76348
76374
76378
76389
76412
76424
76453
76487
76495
76508
76532
76533
76572
76587
76590
76603
76606
76609
76626
76648
76665
76671
76731
76755
76773
76811
76831
76880
76892
76917
76932
76934
76954
76963
77000
77019
77062
77083
77132
77142
77144
77156
77174
77180
77187
77205
77269
77350
77370
77383
77385
77396
77448
77469
77488
77501
77524
77525
77526
77531
77545
77638
77644
77676
77710
77717
77724
77730
77756
77779
77784
77804
77815
77817
77830
77863
77865
77876
77912
77925
77926
77927
78009
78018
78028
78061
78092
78108
78116
78120
78156
78174
78194
78243
78248
78258
78293
78299
78305
78325
78326
78339
78379
78418
78425
78480
78489
78507
78513
78521
78555
78560
78561
78572
78592
78603
78627
78646
78652
78657
78675
78678
78687
78721
78722
78725
78743
78744
78774
78778
78784
78788
78789
78845
78874
78876
78890
78902
78903
78915
78932
78938
78978
78990
78999
79000
79010
79043
79056
79063
79065
79079
79080
79081
79082
79095
79099
79111
79118
79120
79121
79122
79126
79127
79128
79130
79143
79149
79164
79165
79170
79176
79177
79184
79195
79200
79212
79216
79241
79243
79252
79299
79321
79339
79385
79393
79395
79396
79399
79417
79441
79447
79448
79454
79497
79532
79542
79570
79588
79600
79617
79629
79655
79672
79686
79687
79701
79702
79703
79722
79727
79729
79735
79745
79765
79769
79773
79781
79792
79803
79837
79872
79873
79887
79892
79900
79940
79960
79975
79989
80001
80010
80047
80065
80069
80071
80072
80137
80191
80208
80212
80229
80234
80242
80299
80300
80303
80304
80314
80351
80358
80380
80384
80409
80454
80468
80469
80483
80499
80545
80561
80567
80590
80603
80621
80624
80638
80644
80677
80687
80697
80700
80710
80750
80760
80762
80794
80811
80822
80859
80881
80905
80942
80965
80988
81013
81045
81050
81063
81069
81071
81073
81121
81137
81176
81180
81199
81203
81207
81222
81249
81260
81279
81284
81289
81294
81295
81308
81327
81352
81361
81363
81370
81372
81375
81384
81426
81430
81449
81457
81470
81498
81506
81519
81531
81533
81544
81573
81574
81576
81578
81580
81582
81584
81589
81599
81652
81656
81669
81694
81700
81706
81712
81723
81743
81755
81782
81815
81818
81819
81820
81822
81823
81829
81874
81893
81894
81896
81905
81906
81912
81913
81932
81934
81949
81950
81956
81970
81991
82017
82035
82036
82057
82087
82092
82174
82204
82206
82214
82226
82242
82260
82283
82295
82297
82312
82315
82344
82349
82353
82361
82365
82401
82403
82477
82480
82485
82491
82507
82537
82538
82539
82542
82545
82567
82595
82608
82613
82642
82646
82650
82662
82664
82668
82678
82679
82691
82708
82729
82735
82740
82741
82747
82755
82769
82830
82834
82835
82837
82839
82841
82852
82854
82860
82875
82880
82881
82914
82916
82935
82962
82967
82990
83034
83037
83064
83086
83088
83100
83108
83115
83117
83137
83153
83162
83171
83173
83183
83187
83223
83233
83237
83238
83262
83275
83295
83301
83306
83310
83319
83322
83346
83368
83370
83373
83374
83375
83382
83386
83392
83410
83425
83435
83441
83452
83453
83460
83462
83467
83469
83478
83497
83502
83511
83522
83536
83543
83548
83561
83584
83598
83607
83645
83662
83667
83669
83678
83680
83683
83702
83705
83706
83708
83751
83754
83765
83766
83785
83786
83790
83818
83827
83840
83864
83887
83893
83898
83900
83905
83924
83946
83974
83982
83997
83999
84006
84019
84025
84046
84060
84068
84078
84091
84107
84122
84163
84171
84178
84198
84238
84250
84254
84268
84277
84278
84296
84347
84364
84366
84373
84400
84408
84412
84415
84432
84461
84505
84514
84517
84519
84540
84546
84569
84586
84592
84598
84618
84668
84682
84686
84696
84697
84699
84716
84722
84736
84741
84746
84750
84766
84784
84785
84811
84812
84841
84882
84888
84904
84906
84910
84917
84926
84930
84936
84940
84945
84967
84975
84979
84990
85030
85035
85045
85050
85052
85076
85088
85097
85150
85154
85155
85160
85167
85171
85173
85177
85198
85207
85218
85228
85233
85245
85247
85251
85258
85283
85285
85299
85300
85309
85311
85312
85314
85318
85325
85327
85332
85347
85364
85374
85383
85393
85406
85408
85412
85445
85453
85464
85505
85509
85516
85517
85561
85572
85580
85589
85591
85602
85638
85655
85664
85669
85670
85685
85714
85726
85728
85735
85741
85744
85754
85763
85793
85794
85795
85799
85828
85839
85841
85847
85886
85894
85912
85925
85929
85949
85957
85975
85984
86004
86017
86024
86027
86028
86032
86033
86066
86081
86093
86118
86125
86126
86127
86129
86147
86149
86175
86196
86206
86225
86238
86250
86251
86256
86267
86280
86292
86303
86313
86348
86349
86350
86357
86366
86375
86376
86404
86432
86434
86465
86469
86477
86496
86506
86544
86604
86607
86632
86646
86681
86682
86714
86744
86745
86810
86823
86850
86868
86880
86882
86883
86886
86888
86898
86904
86914
86931
86933
86936
86939
86984
87001
87022
87026
87066
87096
87106
87134
87139
87151
87152
87154
87220
87248
87264
87280
87282
87283
87288
87292
87296
87330
87359
87376
87386
87408
87436
87437
87460
87468
87505
87577
87589
87613
87624
87628
87632
87633
87654
87668
87684
87720
87725
87798
87816
87819
87857
87906
87908
87924
87925
87928
87942
87944
87947
87959
87964
87968
87975
87978
87994
88041
88042
88053
88061
88102
88104
88109
88136
88139
88154
88163
88164
88171
88181
88210
88227
88243
88245
88266
88298
88334
88358
88359
88360
88434
88439
88458
88500
88507
88528
88585
88610
88627
88647
88655
88667
88670
88672
88711
88714
88746
88753
88758
88759
88768
88787
88802
88829
88845
88888
88889
88947
88948
88985
89023
89030
89054
89069
89086
89119
89160
89178
89193
89209
89213
89240
89243
89259
89274
89292
89298
89304
89310
89330
89337
89340
89342
89347
89358
89369
89390
89391
89432
89451
89467
89518
89519
89521
89523
89534
89642
89684
89712
89732
89748
89761
89780
89786
89800
89804
89814
89823
89834
89856
89859
89869
89877
89889
89890
89903
89909
89947
90036
90060
90093
90099
90175
90207
90304
90318
90319
90323
90329
90338
90374
90397
90404
90416
90425
90476
90486
90489
90609
90613
90614
90622
90626
90650
90659
90685
90686
90695
90748
90756
90764
90797
90798
90799
90801
90808
90820
90833
90834
90861
90942
90950
90954
90956
90960
91016
91027
91070
91076
91152
91190
91194
91201
91250
91293
91302
91316
91328
91403
91420
91453
91463
91465
91494
91522
91539
91575
91582
91587
91593
91604
91616
91637
91650
91657
91666
91677
91689
91692
91718
91741
91745
91749
91751
91769
91783
91787
91791
91802
91812
91823
91827
91858
91867
91923
91932
91936
91946
91953
91987
92075
92077
92097
92112
92128
92157
92203
92212
92223
92288
92298
92324
92345
92363
92364
92367
92418
92431
92446
92453
92465
92475
92500
92506
92531
92582
92608
92616
92623
92645
92673
92704
92749
92750
92754
92764
92772
92784
92829
92870
92917
92919
92929
92940
92992
93003
93042
93047
93067
93071
93094
93100
93139
93168
93178
93186
93190
93195
93226
93266
93298
93320
93374
93375
93409
93425
93434
93443
93460
93461
93492
93519
93568
93597
93603
93616
93617
93635
93636
93662
93692
93697
93703
93712
93717
93739
93789
93846
93852
93906
93921
93930
93946
94024
94050
94069
94081
94090
94100
94148
94165
94170
94182
94192
94209
94211
94217
94229
94242
94252
94254
94257
94267
94285
94286
94307
94322
94335
94357
94358
94360
94390
94398
94415
94419
94449
94457
94459
94466
94483
94498
94526
94556
94598
94613
94617
94624
94627
94645
94664
94667
94671
94678
94679
94718
94719
94727
94820
94834
94843
94844
94855
94857
94859
94864
94870
94875
94891
94908
94910
94915
94932
94935
94938
94943
94987
94993
95070
95155
95172
95251
95268
95269
95283
95284
95288
95305
95307
95331
95344
95371
95384
95428
95438
95441
95448
95452
95463
95479
95497
95503
95518
95530
95550
95562
95573
95581
95590
95609
95628
95740
95793
95794
95838
95898
95914
95919
95922
95946
95956
95969
95975
95982
96024
96031
96059
96060
96087
96099
96109
96137
96169
96182
96186
96356
96373
96379
96439
96441
96460
96478
96551
96568
96597
96618
96659
96685
96739
96753
96767
96770
96774
96784
96793
96885
96905
96943
96960
96982
96986
97056
97063
97076
97140
97148
97155
97254
97266
97268
97272
97286
97298
97309
97322
97323
97324
97371
97417
97461
97479
97526
97553
97563
97567
97582
97597
97648
97667
97703
97705
97714
97720
97739
97779
97784
97829
97836
97845
97848
97854
97857
97858
97896
97911
97913
97938
97944
97948
97967
97969
97979
98037
98077
98091
98122
98138
98160
98161
98170
98209
98215
98241
98251
98252
98276
98298
98312
98390
98391
98421
98431
98432
98439
98452
98489
98510
98524
98548
98551
98574
98614
98648
98716
98719
98791
98793
98795
98802
98815
98816
98899
98966
98976
98988
99034
99045
99051
99070
99075
99104
99146
99147
99167
99251
99290
99363
99386
99417
99420
99468
99496
99504
99545
99567
99587
99590
99592
99615
99677
99696
99701
99715
99737
99779
99783
99788
99821
99823
99836
99850
99862
99866
99871
99947
99951
99961
99966
99990
100002
100005
100023
100040
100049
100058
100060
100064
100072
100111
100150
100169
100192
100194
100216
100266
100279
100280
100332
100341
100355
100361
100362
100387
100400
100401
100501
100600
100611
100614
100644
100650
100678
100685
100754
100761
100790
100840
100842
100900
100947
101040
101065
101077
101087
101097
101120
101146
101204
101222
101231
101249
101301
101311
101324
101340
101351
101355
101365
101371
101391
101396
101406
101408
101411
101459
101472
101475
101480
101495
101498
101501
101503
101526
101534
101570
101600
101609
101663
101669
101702
101732
101734
101785
101812
101830
101894
101910
101951
101963
101984
101986
102043
102068
102078
102085
102091
102104
102108
102144
102227
102252
102290
102292
102294
102318
102355
102357
102358
102375
102377
102437
102452
102470
102512
102629
102637
102640
102644
102662
102676
102696
102711
102726
102757
102761
102767
102768
102785
102792
102794
102809
102828
102874
102913
102959
102971
102990
102991
103018
103052
103117
103193
103220
103221
103243
103250
103294
103296
103311
103316
103319
103321
103339
103366
103381
103383
103386
103434
103441
103453
103462
103464
103475
103477
103490
103497
103512
103526
103538
103571
103621
103628
103634
103657
103659
103672
103751
103767
103789
103815
103824
103911
103920
103963
103972
103979
103993
104010
104022
104144
104162
104164
104174
104251
104256
104271
104274
104275
104276
104280
104289
104317
104347
104360
104362
104368
104373
104388
104478
104502
104510
104520
104521
104538
104542
104556
104564
104576
104597
104632
104634
104671
104674
104685
104744
104792
104794
104797
104799
104860
104861
104882
104884
104902
104979
104994
105016
105027
105042
105066
105076
105162
105188
105194
105235
105261
105270
105278
105280
105281
105313
105317
105361
105433
105472
105498
105515
105532
105549
105630
105667
105675
105677
105681
105693
105703
105724
105729
105736
105744
105757
105769
105777
105806
105829
105839
105853
105903
105929
105994
105998
106055
106135
106145
106271
106281
106333
106350
106370
106413
106444
106534
106545
106555
106609
106645
106686
106702
106706
106722
106781
106833
106880
106886
106895
106922
106946
106955
106974
107034
107040
107046
107077
107204
107279
107335
107348
107368
107383
107384
107433
107527
107533
107544
107575
107626
107629
107631
107656
107662
107676
107690
107741
107783
107828
107834
107847
107879
107886
107904
107906
107911
107926
107993
107999
108010
108036
108054
108070
108081
108199
108201
108202
108206
108213
108246
108251
108256
108258
108286
108292
108305
108320
108339
108398
108424
108432
108435
108487
108526
108539
108591
108607
108613
108652
108678
108692
108749
108750
108760
108767
108777
108780
108793
108801
108812
108825
108832
108846
108855
108863
108864
108885
108901
108904
108905
109011
109023
109133
109152
109164
109208
109249
109268
109347
109371
109376
109400
109406
109433
109435
109444
109446
109493
109504
109523
109526
109557
109566
109596
109674
109741
109746
109762
109763
109825
109849
109858
109870
109876
109897
109915
109917
109923
109939
110069
110083
110126
110306
110365
110369
110381
110385
110435
110458
110460
110470
110476
110519
110522
110541
110564
110588
110593
110598
110607
110625
110657
110669
110717
110744
110771
110779
110821
110903
110921
110925
110960
110980
110993
111009
111013
111066
111112
111118
111122
111130
111170
111178
111180
111233
111252
111298
111312
111337
111360
111361
111381
111420
111505
111515
111529
111533
111536
111539
111547
111568
111571
111648
111710
111727
111736
111739
111745
111749
111824
111830
111843
111844
111854
111908
111943
111951
112000
112052
112066
112073
112097
112115
112159
112213
112215
112223
112299
112359
112365
112369
112389
112392
112449
112472
112508
112512
112521
112526
112535
112561
112598
112637
112649
112664
112742
112772
112775
112863
112958
112987
113002
113017
113039
113042
113096
113146
113206
113287
113447
113448
113451
113461
113471
113516
113558
113563
113566
113576
113634
113719
113780
113824
113859
113906
113958
114001
114020
114026
114031
114052
114068
114140
114174
114180
114199
114302
114335
114342
114350
114368
114440
114449
114543
114565
114647
114664
114673
114691
114742
114749
114757
114806
114809
114814
114817
114825
114839
114852
114857
114955
114959
114971
114981
114998
115037
115047
115104
115170
115434
115452
115491
115525
115533
115542
115616
115619
115643
115674
115684
115699
115702
115820
115822
115859
115888
115892
115898
116031
116038
116072
116088
116180
116182
116185
116216
116223
116294
116312
116315
116327
116342
116368
116385
116391
116494
116517
116525
116531
116558
116602
116604
116612
116628
116631
116661
116699
116709
116710
116736
116757
116759
116760
116762
116773
116809
116812
116840
116854
116864
116884
116904
116919
116956
116980
116993
117006
117015
117025
117053
117094
117104
117109
117128
117157
117181
117183
117189
117216
117241
117305
117352
117385
117416
117430
117448
117451
117454
117456
117466
117467
117470
117478
117479
117482
117489
117492
117495
117518
117546
117554
117589
117642
117646
117649
117650
117652
117662
117682
117687
117697
117802
117816
117824
117843
117846
117853
117878
117886
117899
117901
117902
117903
117926
117932
117982
118070
118079
118121
118122
118125
118132
118180
118184
118186
118245
118267
118268
118285
118295
118317
118325
118349
118374
118424
118467
118473
118517
118521
118522
118556
118571
118591
118620
118625
118632
118660
118661
118666
118677
118680
118699
118704
118728
118772
118862
118877
118919
118944
118946
118947
118950
118979
118996
119041
119217
119251
119339
119447
119454
119505
119508
119528
119546
119797
119832
119839
119863
119898
119978
119983
120033
120058
120113
120167
120229
120256
120275
120297
120304
120313
120364
120447
120471
120479
120498
120508
120512
120516
120529
120533
120593
120603
120619
120720
120732
120828
120837
120839
120881
120912
120924
120928
120947
120962
120968
121127
121128
121157
121170
121173
121190
121211
121328
121331
121424
121473
121478
121492
121557
121587
121591
121647
121649
121676
121680
121687
121691
121696
121699
121705
121713
121714
121718
121767
121795
121797
121801
121846
121866
121887
121898
121908
121922
121967
121975
121994
122109
122143
122206
122220
122266
122275
122331
122342
122347
122411
122416
122458
122506
122512
122523
122526
122536
122559
122596
122617
122639
122732
122775
122786
122865
122932
122939
122942
122944
122946
122954
123027
123039
123099
123102
123118
123151
123158
123333
123340
123343
123348
123366
123370
123395
123421
123426
123477
123521
123527
123566
123790
123791
123824
123834
123854
123890
123899
123904
123925
123991
124001
124065
124077
124095
124111
124117
124119
124130
124131
124132
124191
124246
124299
124381
124385
124397
124477
124496
124517
124537
124565
124566
124574
124589
124614
124624
124669
124677
124744
124783
124805
124812
124853
124854
124879
124887
124892
124912
