4931
6340
6402
7258
5995
6062
6114
6203
6318
6368
6565
6635
6845
6988
7033
7675
7839
157
1097
2697
3450
3452
3704
3954
4123
4140
4515
4871
5170
5672
5743
5932
6025
6026
6044
6045
6098
6103
6121
6123
6170
6195
6201
6218
6233
6243
6251
6252
6346
6358
6387
6416
6484
6509
6525
6548
6558
6559
6587
6591
6618
6639
6645
6649
6689
6720
6722
6807
6832
6841
6856
6874
6889
6921
6927
6933
6946
6951
6968
6972
7010
7024
7055
7095
7098
7104
7123
7132
7175
7180
7219
7251
7267
7284
7287
7327
7342
7360
7392
7418
7443
7466
7480
7492
7532
7574
7627
7639
7717
7732
7794
7885
7908
7936
7955
7959
21
36
89
140
190
226
233
240
294
352
366
527
637
706
813
859
974
982
1003
1015
1041
1060
1072
1080
1132
1137
1169
1170
1198
1238
1274
1282
1284
1301
1356
1366
1386
1411
1417
1426
1427
1536
1540
1544
1563
1591
1619
1624
1720
1732
1739
1873
1988
2015
2081
2088
2170
2294
2332
2335
2360
2377
2408
2425
2457
2469
2533
2560
2578
2664
2679
2696
2732
2853
2863
2904
2919
2947
2949
2958
2975
2977
3047
3085
3104
3206
3472
3477
3491
3527
3543
3575
3706
3737
3776
3908
3925
3941
3956
4141
4185
4257
4299
4365
4405
4407
4425
4452
4472
4477
4496
4507
4514
4532
4541
4555
4576
4607
4608
4624
4742
4747
4749
4750
4836
4837
4863
4930
4943
4956
5002
5008
5038
5054
5075
5091
5163
5168
5218
5226
5242
5297
5312
5319
5358
5361
5363
5364
5372
5401
5459
5493
5499
5600
5642
5709
5768
5805
5865
5867
5869
5933
5936
5944
5996
6000
6001
6003
6050
6071
6076
6083
6088
6089
6092
6110
6112
6113
6135
6136
6139
6141
6145
6152
6163
6171
6173
6181
6182
6187
6188
6198
6207
6211
6215
6221
6228
6235
6237
6241
6248
6257
6262
6270
6271
6273
6284
6285
6287
6291
6295
6297
6298
6300
6304
6308
6310
6311
6312
6319
6320
6324
6330
6332
6341
6345
6359
6370
6372
6373
6378
6390
6391
6393
6410
6411
6414
6422
6426
6428
6434
6438
6444
6467
6477
6481
6491
6500
6503
6527
6528
6540
6542
6557
6566
6570
6573
6575
6585
6586
6600
6610
6615
6616
6619
6620
6628
6632
6638
6641
6662
6663
6677
6680
6685
6692
6695
6699
6700
6706
6728
6730
6731
6737
6743
6746
6748
6754
6756
6762
6772
6778
6779
6780
6786
6793
6802
6804
6822
6826
6827
6830
6836
6843
6852
6861
6873
6878
6887
6894
6900
6902
6916
6932
6938
6947
6950
6958
6959
6976
6979
6990
6993
6995
7000
7003
7007
7011
7018
7019
7029
7032
7039
7052
7056
7059
7065
7072
7074
7079
7087
7088
7093
7100
7107
7110
7111
7120
7131
7152
7155
7160
7163
7181
7187
7194
7200
7207
7209
7210
7216
7222
7226
7237
7242
7243
7253
7261
7282
7283
7296
7300
7309
7312
7314
7315
7324
7331
7334
7336
7338
7354
7356
7358
7359
7369
7372
7391
7402
7405
7406
7408
7410
7413
7414
7415
7417
7419
7424
7428
7459
7469
7473
7474
7483
7485
7506
7507
7520
7522
7538
7539
7548
7550
7557
7560
7586
7589
7593
7594
7602
7608
7615
7623
7630
7632
7636
7640
7644
7645
7646
7652
7653
7662
7668
7680
7692
7703
7704
7713
7716
7718
7719
7720
7729
7733
7734
7744
7758
7762
7764
7767
7768
7770
7775
7789
7801
7803
7809
7822
7830
7831
7833
7834
7842
7843
7844
7849
7853
7869
7883
7890
7900
7902
7928
7947
3
4
5
7
8
9
12
13
14
15
16
18
19
23
27
28
30
37
39
41
42
45
47
50
51
52
53
59
63
66
68
70
71
72
75
78
80
81
82
83
84
86
87
90
98
100
101
104
106
107
108
114
117
118
119
121
122
123
124
125
127
128
130
131
132
133
134
135
136
138
146
153
156
159
160
163
165
166
171
172
174
177
178
183
185
187
189
191
192
195
196
197
198
199
202
203
204
205
206
210
211
212
213
214
215
216
218
225
229
230
231
232
234
235
237
238
239
241
243
246
248
254
258
259
260
261
263
265
266
268
269
274
275
276
280
283
284
287
288
289
290
291
292
296
299
300
301
303
304
305
306
307
308
311
313
316
318
323
325
326
327
328
329
331
333
338
339
340
342
344
346
348
356
357
358
359
365
368
370
371
374
377
378
384
385
386
387
388
389
391
394
395
401
406
409
410
411
413
415
421
423
424
431
433
439
443
444
454
459
462
463
464
465
466
469
470
471
473
474
477
481
482
484
488
492
494
495
501
502
503
513
516
523
528
529
533
537
542
544
545
549
550
551
554
556
562
565
569
570
571
574
575
576
579
580
582
583
584
585
588
589
590
592
595
598
602
606
609
610
612
613
614
617
618
619
622
623
626
627
629
630
634
635
640
645
646
648
649
653
654
655
656
658
659
660
662
663
664
671
672
674
677
679
680
681
682
684
690
691
692
693
695
697
700
701
703
704
705
709
710
716
717
719
722
726
727
728
731
735
741
742
744
748
760
761
763
764
770
771
772
773
775
776
778
779
780
783
785
788
791
794
796
798
799
803
804
805
806
811
820
821
822
825
826
828
831
833
839
842
843
849
852
858
864
866
870
871
872
873
875
876
878
879
881
882
884
886
888
889
890
898
903
905
908
912
913
915
916
917
918
919
928
929
930
932
937
938
940
942
944
947
949
954
955
958
959
965
968
969
972
973
977
981
983
985
986
992
993
995
996
997
998
999
1002
1004
1010
1012
1013
1016
1017
1021
1023
1024
1026
1027
1030
1031
1033
1036
1038
1040
1043
1046
1047
1048
1049
1051
1052
1053
1054
1058
1063
1064
1065
1067
1075
1076
1082
1084
1086
1087
1088
1090
1093
1094
1095
1096
1098
1100
1102
1103
1104
1106
1107
1109
1112
1116
1117
1118
1119
1122
1123
1125
1126
1127
1129
1134
1136
1142
1145
1147
1153
1155
1156
1157
1158
1160
1163
1164
1165
1166
1167
1168
1172
1173
1174
1176
1177
1181
1184
1186
1187
1188
1192
1193
1194
1195
1200
1203
1204
1207
1208
1209
1211
1212
1214
1220
1223
1228
1229
1230
1231
1233
1234
1235
1236
1237
1241
1242
1244
1246
1248
1250
1252
1256
1260
1264
1267
1268
1269
1270
1272
1275
1276
1279
1285
1286
1289
1291
1293
1298
1305
1306
1307
1310
1311
1313
1315
1316
1317
1319
1320
1321
1323
1324
1326
1328
1329
1331
1332
1333
1334
1338
1339
1341
1342
1343
1347
1349
1350
1352
1353
1354
1358
1361
1362
1363
1364
1365
1369
1371
1373
1375
1377
1380
1385
1388
1389
1390
1393
1398
1399
1401
1402
1403
1404
1405
1406
1410
1413
1414
1419
1423
1424
1428
1432
1435
1436
1437
1438
1441
1444
1446
1448
1453
1454
1455
1457
1458
1460
1467
1468
1469
1470
1473
1475
1476
1477
1479
1480
1483
1485
1486
1494
1498
1499
1502
1504
1506
1509
1511
1512
1513
1515
1516
1517
1527
1529
1532
1543
1545
1552
1555
1556
1557
1559
1560
1566
1568
1569
1570
1573
1575
1577
1580
1583
1584
1585
1586
1589
1590
1593
1594
1595
1596
1597
1606
1607
1608
1610
1611
1612
1614
1617
1618
1620
1621
1622
1623
1626
1627
1632
1635
1636
1638
1641
1642
1643
1644
1645
1650
1652
1653
1661
1663
1666
1668
1670
1673
1675
1681
1683
1684
1687
1688
1690
1693
1694
1699
1700
1701
1704
1706
1707
1710
1718
1719
1722
1725
1726
1727
1730
1733
1734
1736
1737
1741
1744
1745
1747
1750
1752
1753
1754
1756
1758
1759
1761
1765
1768
1775
1777
1778
1781
1784
1785
1786
1790
1791
1792
1794
1796
1799
1800
1802
1807
1808
1811
1813
1815
1818
1819
1821
1823
1824
1825
1828
1829
1832
1836
1839
1840
1842
1845
1849
1853
1854
1860
1861
1863
1864
1865
1867
1868
1870
1871
1872
1874
1875
1878
1880
1884
1885
1886
1891
1896
1897
1898
1899
1902
1904
1907
1908
1909
1910
1911
1912
1913
1914
1915
1916
1917
1918
1919
1920
1921
1922
1923
1924
1925
1927
1928
1929
1937
1940
1943
1947
1948
1949
1951
1953
1954
1956
1957
1959
1960
1962
1964
1967
1969
1972
1974
1975
1976
1977
1981
1985
1989
1990
1992
1993
1994
1995
1997
2000
2002
2007
2008
2009
2013
2017
2020
2021
2023
2028
2030
2034
2037
2039
2041
2047
2050
2053
2054
2055
2056
2059
2061
2062
2072
2077
2082
2083
2084
2089
2091
2093
2098
2102
2103
2106
2107
2108
2109
2112
2113
2114
2115
2124
2127
2129
2130
2131
2132
2133
2134
2135
2136
2139
2140
2147
2154
2155
2156
2163
2165
2173
2178
2179
2180
2183
2186
2189
2190
2193
2195
2196
2199
2201
2202
2203
2207
2208
2210
2217
2220
2221
2226
2228
2231
2238
2242
2243
2245
2246
2248
2249
2255
2256
2257
2258
2262
2264
2274
2276
2279
2282
2283
2284
2287
2288
2290
2292
2295
2297
2298
2299
2300
2301
2304
2305
2306
2309
2310
2311
2312
2319
2321
2323
2325
2326
2327
2329
2333
2340
2346
2350
2353
2356
2357
2364
2369
2371
2374
2376
2379
2380
2382
2383
2385
2386
2388
2390
2391
2393
2395
2401
2406
2407
2412
2413
2414
2415
2417
2418
2419
2427
2429
2434
2443
2444
2446
2449
2450
2451
2453
2454
2455
2458
2459
2460
2461
2467
2471
2472
2473
2474
2475
2476
2478
2479
2480
2481
2482
2489
2498
2499
2500
2501
2504
2505
2506
2507
2508
2509
2510
2512
2513
2518
2521
2524
2530
2531
2536
2538
2539
2541
2542
2543
2544
2545
2548
2551
2552
2553
2561
2562
2563
2564
2565
2566
2568
2569
2571
2579
2580
2581
2583
2586
2587
2590
2592
2594
2600
2603
2605
2607
2613
2614
2616
2617
2619
2620
2621
2622
2623
2624
2627
2629
2630
2631
2632
2634
2636
2639
2642
2643
2645
2647
2648
2649
2653
2654
2659
2660
2661
2674
2677
2680
2683
2687
2688
2689
2690
2691
2692
2694
2695
2699
2701
2704
2705
2709
2713
2714
2716
2724
2726
2727
2728
2730
2733
2737
2739
2740
2750
2752
2756
2757
2759
2762
2763
2765
2766
2768
2770
2773
2774
2775
2777
2780
2782
2783
2787
2788
2790
2795
2796
2797
2806
2808
2809
2810
2811
2813
2814
2815
2816
2817
2819
2820
2821
2822
2824
2825
2826
2828
2831
2832
2834
2835
2837
2839
2842
2844
2846
2848
2849
2851
2852
2854
2855
2856
2857
2858
2859
2862
2865
2871
2872
2873
2874
2875
2876
2877
2878
2880
2888
2889
2894
2896
2897
2898
2899
2900
2903
2907
2910
2911
2912
2914
2920
2922
2923
2926
2928
2930
2935
2937
2941
2942
2943
2945
2950
2951
2953
2960
2961
2962
2968
2969
2971
2974
2978
2979
2987
2994
2997
3001
3006
3008
3011
3014
3016
3019
3023
3024
3025
3026
3028
3029
3031
3032
3034
3036
3037
3039
3042
3043
3045
3046
3049
3050
3051
3057
3058
3062
3063
3064
3071
3075
3077
3080
3086
3088
3089
3092
3098
3099
3103
3105
3106
3108
3111
3116
3117
3119
3120
3122
3123
3126
3127
3129
3132
3133
3137
3139
3140
3142
3144
3145
3148
3150
3152
3153
3157
3161
3162
3165
3166
3167
3168
3169
3170
3172
3173
3175
3176
3178
3182
3183
3184
3191
3193
3194
3195
3196
3199
3203
3205
3207
3210
3211
3212
3217
3218
3220
3221
3227
3230
3235
3238
3239
3241
3242
3243
3245
3248
3251
3252
3253
3254
3256
3257
3262
3266
3271
3272
3273
3274
3278
3279
3281
3282
3283
3285
3288
3289
3297
3298
3301
3302
3304
3305
3306
3308
3310
3311
3313
3314
3315
3316
3317
3319
3321
3326
3327
3328
3331
3333
3334
3338
3340
3341
3342
3343
3346
3347
3350
3351
3353
3357
3360
3364
3366
3367
3369
3370
3371
3375
3377
3378
3380
3381
3383
3384
3385
3386
3389
3390
3393
3394
3397
3401
3403
3405
3407
3408
3411
3412
3414
3415
3417
3420
3422
3423
3424
3425
3426
3427
3428
3429
3432
3433
3434
3437
3438
3439
3442
3443
3444
3445
3446
3448
3449
3453
3457
3458
3459
3460
3463
3464
3466
3467
3470
3475
3476
3478
3480
3483
3484
3485
3486
3489
3492
3494
3496
3497
3501
3502
3503
3504
3505
3511
3512
3513
3515
3516
3520
3521
3523
3530
3531
3534
3535
3536
3539
3541
3544
3549
3552
3554
3556
3558
3564
3565
3566
3571
3573
3574
3577
3578
3579
3580
3581
3583
3585
3586
3588
3589
3590
3594
3597
3601
3605
3607
3609
3611
3612
3615
3616
3617
3618
3619
3620
3621
3623
3628
3629
3630
3634
3637
3638
3639
3641
3646
3647
3648
3649
3650
3652
3653
3654
3657
3659
3661
3663
3664
3667
3670
3671
3672
3673
3674
3675
3676
3677
3678
3681
3682
3686
3687
3689
3692
3693
3695
3697
3698
3699
3700
3701
3702
3705
3710
3711
3713
3714
3716
3717
3720
3727
3728
3730
3731
3732
3733
3734
3735
3736
3739
3741
3742
3743
3744
3748
3749
3750
3751
3752
3753
3755
3756
3757
3758
3759
3760
3761
3762
3763
3765
3768
3769
3771
3773
3777
3782
3784
3786
3788
3790
3793
3795
3799
3800
3801
3802
3804
3805
3806
3809
3810
3811
3812
3818
3819
3821
3824
3828
3829
3830
3831
3836
3837
3841
3845
3846
3850
3851
3853
3854
3855
3856
3859
3860
3862
3863
3864
3865
3867
3868
3873
3874
3875
3879
3880
3882
3887
3889
3890
3891
3893
3896
3898
3900
3901
3904
3906
3907
3909
3912
3915
3916
3917
3919
3924
3927
3932
3935
3936
3937
3938
3939
3942
3944
3945
3947
3951
3953
3960
3961
3962
3964
3969
3970
3972
3975
3978
3980
3987
3993
3996
3997
3999
4001
4002
4006
4010
4011
4012
4014
4016
4017
4019
4021
4023
4028
4031
4032
4034
4035
4040
4041
4042
4052
4058
4063
4066
4069
4070
4071
4072
4075
4078
4080
4081
4086
4087
4088
4090
4092
4094
4095
4096
4101
4102
4104
4105
4110
4111
4112
4113
4116
4118
4120
4125
4126
4127
4128
4130
4131
4132
4136
4137
4146
4156
4157
4162
4164
4168
4171
4172
4173
4176
4180
4183
4186
4188
4192
4193
4198
4201
4204
4205
4208
4210
4212
4213
4214
4215
4217
4219
4220
4221
4222
4226
4230
4231
4232
4233
4234
4235
4236
4237
4238
4239
4240
4241
4242
4243
4244
4245
4251
4253
4254
4255
4256
4259
4262
4265
4271
4273
4276
4278
4279
4280
4282
4283
4284
4285
4288
4291
4295
4298
4300
4305
4306
4308
4309
4311
4313
4315
4316
4317
4318
4321
4322
4323
4326
4330
4331
4332
4334
4336
4338
4339
4343
4344
4345
4351
4354
4355
4356
4357
4358
4360
4362
4367
4369
4370
4371
4376
4377
4382
4384
4386
4388
4389
4390
4393
4394
4395
4396
4402
4403
4404
4408
4411
4412
4415
4417
4419
4420
4421
4422
4423
4427
4428
4429
4430
4431
4433
4434
4436
4438
4439
4440
4441
4442
4445
4446
4448
4451
4453
4454
4456
4457
4459
4460
4461
4462
4463
4466
4468
4473
4474
4482
4483
4486
4487
4490
4492
4497
4498
4499
4500
4501
4502
4503
4504
4505
4506
4508
4511
4512
4521
4523
4525
4526
4527
4528
4529
4530
4531
4533
4535
4536
4537
4539
4542
4545
4548
4550
4553
4558
4559
4562
4569
4570
4573
4574
4575
4578
4581
4582
4586
4587
4588
4589
4592
4595
4596
4598
4600
4601
4606
4610
4613
4615
4622
4623
4625
4627
4628
4630
4631
4633
4635
4636
4639
4642
4643
4646
4650
4658
4659
4661
4662
4664
4667
4669
4672
4673
4678
4682
4683
4684
4686
4688
4690
4695
4703
4704
4705
4707
4708
4709
4713
4715
4716
4718
4720
4721
4722
4723
4725
4727
4734
4736
4737
4738
4741
4743
4753
4756
4757
4759
4760
4766
4767
4768
4769
4770
4771
4773
4775
4776
4779
4780
4781
4783
4784
4786
4788
4789
4790
4791
4795
4796
4797
4803
4804
4806
4808
4809
4810
4811
4812
4813
4815
4819
4820
4821
4822
4823
4827
4828
4829
4830
4833
4834
4835
4839
4840
4842
4843
4844
4845
4848
4849
4853
4855
4856
4862
4864
4870
4872
4873
4875
4879
4880
4881
4882
4883
4884
4885
4886
4887
4888
4890
4892
4893
4894
4895
4897
4898
4899
4900
4901
4902
4903
4904
4910
4912
4913
4914
4916
4918
4921
4923
4924
4925
4928
4934
4935
4936
4938
4939
4941
4944
4945
4948
4949
4955
4958
4960
4961
4964
4967
4968
4969
4971
4972
4975
4976
4980
4981
4983
4984
4985
4988
4989
4990
4992
4993
4994
4996
4998
4999
5000
5003
5004
5005
5006
5009
5010
5013
5014
5015
5016
5017
5018
5023
5026
5027
5028
5029
5033
5036
5037
5039
5041
5045
5047
5048
5049
5050
5051
5052
5053
5055
5056
5057
5059
5061
5062
5063
5064
5065
5068
5069
5070
5071
5073
5074
5076
5079
5084
5086
5087
5089
5094
5095
5097
5098
5100
5101
5103
5104
5105
5106
5107
5109
5115
5117
5118
5119
5120
5122
5123
5124
5125
5127
5129
5130
5132
5133
5144
5145
5147
5148
5153
5159
5161
5166
5171
5172
5173
5174
5175
5176
5178
5180
5181
5182
5185
5186
5188
5189
5190
5192
5200
5203
5205
5206
5207
5208
5209
5210
5212
5214
5217
5220
5221
5223
5224
5227
5228
5229
5230
5231
5235
5236
5239
5240
5243
5245
5246
5247
5248
5249
5251
5253
5254
5255
5256
5258
5260
5262
5264
5266
5268
5270
5271
5273
5274
5278
5279
5281
5282
5283
5284
5285
5286
5288
5289
5290
5292
5293
5296
5298
5299
5301
5302
5303
5307
5311
5316
5317
5318
5321
5324
5326
5330
5331
5332
5333
5335
5337
5339
5341
5343
5346
5347
5348
5350
5352
5353
5355
5356
5360
5362
5365
5370
5371
5373
5374
5375
5378
5379
5382
5385
5387
5389
5390
5391
5392
5393
5394
5396
5397
5399
5400
5408
5409
5410
5411
5412
5413
5414
5415
5416
5417
5418
5419
5421
5422
5429
5430
5434
5437
5447
5448
5449
5450
5458
5460
5461
5462
5464
5465
5467
5469
5470
5471
5473
5476
5477
5478
5479
5480
5481
5485
5489
5490
5492
5494
5497
5500
5501
5502
5503
5504
5506
5507
5511
5513
5516
5517
5518
5522
5524
5527
5528
5529
5531
5533
5534
5536
5537
5539
5540
5541
5542
5545
5546
5553
5556
5560
5562
5563
5564
5567
5568
5569
5572
5573
5574
5575
5577
5578
5579
5582
5584
5586
5587
5588
5589
5590
5593
5594
5595
5597
5598
5602
5605
5607
5608
5610
5612
5616
5617
5619
5620
5623
5625
5626
5628
5630
5631
5632
5633
5635
5637
5638
5641
5644
5647
5648
5650
5651
5652
5653
5658
5660
5661
5662
5663
5666
5673
5676
5677
5681
5683
5685
5686
5688
5689
5694
5695
5697
5698
5699
5702
5704
5706
5708
5710
5713
5714
5715
5718
5719
5720
5722
5723
5725
5726
5727
5728
5729
5730
5731
5732
5734
5735
5737
5739
5742
5744
5745
5746
5749
5750
5752
5754
5757
5760
5761
5763
5764
5769
5773
5774
5775
5776
5777
5779
5780
5781
5782
5783
5787
5791
5796
5798
5799
5800
5801
5803
5806
5807
5809
5810
5811
5813
5816
5822
5827
5829
5831
5832
5833
5838
5839
5841
5845
5846
5848
5849
5851
5852
5855
5859
5860
5861
5862
5863
5866
5868
5870
5871
5874
5877
5878
5880
5882
5883
5884
5886
5887
5888
5890
5893
5895
5898
5900
5901
5902
5904
5909
5913
5914
5915
5916
5917
5918
5919
5920
5922
5923
5924
5925
5926
5927
5928
5929
5930
5931
5935
5937
5939
5940
5941
5942
5943
5945
5946
5947
5948
5949
5950
5954
5955
5957
5959
5961
5963
5964
5967
5968
5969
5971
5973
5974
5975
5978
5979
5980
5981
5982
5983
5985
5986
5987
5988
5990
5991
5992
5993
5994
5999
6002
6004
6005
6007
6009
6010
6011
6012
6014
6015
6017
6018
6019
6020
6023
6028
6030
6031
6033
6035
6036
6037
6038
6040
6042
6046
6047
6052
6053
6054
6055
6056
6057
6059
6060
6061
6063
6064
6065
6067
6072
6073
6074
6075
6077
6078
6079
6080
6081
6082
6085
6086
6090
6091
6094
6097
6100
6102
6104
6105
6106
6107
6108
6111
6115
6118
6120
6122
6124
6126
6127
6128
6129
6130
6132
6133
6134
6137
6138
6142
6143
6147
6148
6151
6153
6155
6156
6160
6161
6162
6164
6165
6166
6167
6168
6169
6172
6174
6175
6177
6178
6179
6180
6183
6185
6186
6190
6191
6194
6196
6197
6199
6200
6202
6204
6205
6206
6209
6210
6212
6213
6214
6216
6217
6219
6220
6224
6225
6226
6227
6229
6230
6231
6232
6234
6238
6239
6240
6244
6246
6247
6249
6250
6253
6254
6255
6256
6258
6259
6260
6261
6264
6265
6267
6272
6274
6277
6278
6280
6281
6282
6286
6288
6289
6290
6292
6293
6294
6296
6299
6301
6303
6306
6307
6315
6316
6322
6325
6326
6327
6328
6329
6333
6334
6335
6336
6338
6343
6347
6349
6351
6353
6354
6357
6360
6361
6362
6364
6365
6366
6371
6374
6375
6377
6379
6380
6381
6382
6383
6385
6388
6389
6392
6396
6400
6401
6404
6405
6406
6407
6409
6412
6413
6417
6418
6419
6420
6421
6424
6425
6427
6429
6430
6431
6432
6433
6435
6436
6437
6439
6440
6443
6445
6446
6447
6449
6450
6451
6456
6457
6459
6460
6461
6462
6463
6464
6465
6466
6468
6470
6471
6472
6474
6475
6478
6483
6486
6487
6488
6492
6493
6494
6495
6497
6499
6502
6504
6506
6508
6510
6511
6514
6516
6517
6519
6521
6522
6523
6524
6526
6529
6530
6531
6532
6533
6536
6537
6538
6539
6541
6544
6545
6546
6547
6549
6550
6551
6553
6554
6555
6556
6560
6561
6562
6563
6564
6567
6568
6569
6571
6572
6574
6576
6577
6578
6579
6580
6582
6583
6584
6588
6589
6590
6593
6595
6596
6597
6598
6599
6603
6604
6605
6606
6607
6609
6612
6613
6614
6617
6622
6623
6624
6625
6627
6630
6631
6633
6634
6636
6637
6640
6644
6646
6648
6651
6652
6653
6654
6655
6658
6659
6660
6661
6664
6666
6668
6670
6671
6672
6673
6676
6678
6681
6682
6683
6686
6687
6688
6690
6691
6693
6698
6701
6702
6703
6705
6707
6708
6709
6710
6711
6712
6713
6714
6715
6716
6717
6718
6719
6721
6723
6725
6726
6727
6732
6733
6734
6739
6740
6741
6742
6744
6745
6747
6749
6750
6751
6753
6755
6757
6758
6761
6763
6764
6765
6766
6767
6768
6773
6774
6776
6784
6787
6788
6790
6791
6792
6794
6796
6797
6798
6800
6801
6803
6805
6808
6809
6810
6811
6812
6813
6816
6817
6818
6819
6820
6821
6823
6825
6828
6831
6834
6837
6839
6840
6842
6844
6846
6847
6848
6849
6850
6853
6854
6855
6857
6860
6862
6864
6865
6866
6867
6868
6869
6870
6871
6875
6876
6877
6879
6880
6882
6884
6885
6886
6888
6890
6891
6893
6901
6903
6904
6905
6906
6908
6909
6910
6911
6912
6913
6915
6917
6920
6922
6923
6924
6925
6926
6928
6929
6930
6934
6935
6936
6937
6939
6940
6941
6942
6943
6944
6945
6948
6949
6952
6955
6957
6960
6962
6963
6964
6965
6966
6967
6969
6970
6971
6973
6974
6975
6977
6978
6981
6982
6983
6984
6985
6986
6987
6989
6992
6994
6997
6998
7001
7004
7005
7008
7009
7014
7016
7020
7021
7022
7028
7030
7031
7034
7036
7037
7038
7040
7041
7043
7044
7047
7048
7049
7050
7051
7053
7054
7057
7058
7060
7062
7063
7064
7067
7068
7069
7070
7071
7073
7075
7081
7082
7084
7086
7089
7091
7092
7094
7099
7102
7103
7105
7106
7108
7112
7113
7114
7115
7116
7117
7118
7119
7121
7122
7124
7125
7126
7127
7129
7130
7134
7135
7138
7140
7141
7142
7143
7147
7151
7153
7154
7158
7159
7161
7162
7164
7165
7166
7167
7168
7169
7170
7172
7174
7177
7178
7179
7182
7183
7184
7185
7186
7188
7189
7191
7193
7195
7197
7198
7199
7202
7204
7205
7211
7212
7213
7214
7215
7217
7218
7221
7223
7224
7227
7228
7229
7230
7233
7239
7240
7241
7244
7245
7246
7249
7250
7252
7255
7256
7257
7259
7260
7262
7265
7266
7268
7269
7270
7271
7272
7273
7274
7275
7276
7278
7279
7280
7285
7288
7289
7290
7291
7292
7293
7294
7295
7297
7298
7299
7301
7302
7303
7304
7305
7306
7307
7310
7311
7316
7317
7318
7321
7322
7323
7325
7326
7328
7330
7332
7333
7335
7339
7340
7343
7344
7346
7348
7349
7350
7351
7352
7353
7355
7357
7361
7362
7365
7366
7367
7368
7370
7371
7373
7375
7376
7377
7378
7379
7380
7382
7384
7386
7387
7388
7393
7396
7398
7399
7401
7403
7404
7407
7411
7412
7420
7421
7423
7425
7426
7427
7429
7430
7431
7433
7434
7435
7436
7438
7439
7440
7441
7442
7445
7447
7448
7450
7451
7452
7453
7454
7456
7458
7460
7461
7462
7463
7464
7465
7467
7468
7472
7476
7477
7478
7479
7482
7484
7486
7487
7488
7489
7490
7491
7493
7494
7495
7496
7498
7499
7501
7503
7504
7505
7508
7510
7512
7514
7515
7516
7517
7518
7521
7523
7525
7530
7533
7534
7535
7537
7540
7541
7542
7544
7545
7546
7549
7551
7553
7554
7555
7558
7559
7561
7562
7563
7564
7565
7566
7567
7568
7570
7571
7572
7573
7575
7576
7578
7579
7581
7582
7584
7585
7587
7588
7590
7591
7592
7595
7596
7597
7598
7599
7600
7603
7604
7605
7606
7607
7611
7612
7616
7618
7622
7624
7626
7628
7629
7631
7633
7634
7635
7638
7641
7642
7643
7647
7648
7654
7655
7656
7657
7658
7659
7660
7663
7664
7665
7666
7667
7669
7670
7672
7673
7674
7676
7677
7678
7679
7682
7685
7686
7688
7690
7695
7696
7697
7699
7700
7701
7702
7705
7707
7708
7709
7710
7712
7714
7715
7721
7723
7724
7725
7727
7728
7730
7735
7736
7737
7738
7739
7741
7743
7746
7747
7749
7750
7752
7754
7755
7756
7759
7760
7761
7763
7765
7769
7772
7773
7774
7776
7777
7778
7779
7782
7783
7786
7788
7790
7791
7792
7793
7796
7797
7798
7799
7800
7806
7807
7810
7811
7813
7814
7815
7816
7817
7819
7820
7823
7824
7825
7826
7828
7829
7835
7836
7840
7841
7845
7846
7847
7848
7850
7852
7854
7855
7856
7857
7859
7860
7861
7862
7863
7864
7865
7866
7867
7868
7870
7871
7872
7874
7875
7876
7877
7878
7880
7881
7882
7884
7886
7887
7888
7889
7892
7893
7894
7895
7896
7901
7903
7904
7905
7906
7907
7909
7910
7911
7912
7913
7914
7915
7916
7917
7918
7919
7921
7922
7925
7926
7929
7933
7934
7935
7937
7938
7939
7940
7941
7943
7945
7946
7950
7953
7954
7956
0
1
2
6
10
11
17
20
22
24
25
26
29
31
32
33
34
35
38
40
43
44
46
48
49
54
55
56
57
58
60
61
62
64
65
67
69
73
74
76
77
79
85
88
91
92
93
94
95
96
97
99
102
103
105
109
110
111
112
113
115
116
120
126
129
137
139
141
142
143
144
145
147
148
149
150
151
152
154
155
158
161
162
164
167
168
169
170
173
175
176
179
180
181
182
184
186
188
193
194
200
201
207
208
209
217
219
220
221
222
223
224
227
228
236
242
244
245
247
249
250
251
252
253
255
256
257
262
264
267
270
271
272
273
277
278
279
281
282
285
286
293
295
297
298
302
309
310
312
314
315
317
319
320
321
322
324
330
332
334
335
336
337
341
343
345
347
349
350
351
353
354
355
360
361
362
363
364
367
369
372
373
375
376
379
380
381
382
383
390
392
393
396
397
398
399
400
402
403
404
405
407
408
412
414
416
417
418
419
420
422
425
426
427
428
429
430
432
434
435
436
437
438
440
441
442
445
446
447
448
449
450
451
452
453
455
456
457
458
460
461
467
468
472
475
476
478
479
480
483
485
486
487
489
490
491
493
496
497
498
499
500
504
505
506
507
508
509
510
511
512
514
515
517
518
519
520
521
522
524
525
526
530
531
532
534
535
536
538
539
540
541
543
546
547
548
552
553
555
557
558
559
560
561
563
564
566
567
568
572
573
577
578
581
586
587
591
593
594
596
597
599
600
601
603
604
605
607
608
611
615
616
620
621
624
625
628
631
632
633
636
638
639
641
642
643
644
647
650
651
652
657
661
665
666
667
668
669
670
673
675
676
678
683
685
686
687
688
689
694
696
698
699
702
707
708
711
712
713
714
715
718
720
721
723
724
725
729
730
732
733
734
736
737
738
739
740
743
745
746
747
749
750
751
752
753
754
755
756
757
758
759
762
765
766
767
768
769
774
777
781
782
784
786
787
789
790
792
793
795
797
800
801
802
807
808
809
810
812
814
815
816
817
818
819
823
824
827
829
830
832
834
835
836
837
838
840
841
844
845
846
847
848
850
851
853
854
855
856
857
860
861
862
863
865
867
868
869
874
877
880
883
885
887
891
892
893
894
895
896
897
899
900
901
902
904
906
907
909
910
911
914
920
921
922
923
924
925
926
927
931
933
934
935
936
939
941
943
945
946
948
950
951
952
953
956
957
960
961
962
963
964
966
967
970
971
975
976
978
979
980
984
987
988
989
990
991
994
1000
1001
1005
1006
1007
1008
1009
1011
1014
1018
1019
1020
1022
1025
1028
1029
1032
1034
1035
1037
1039
1042
1044
1045
1050
1055
1056
1057
1059
1061
1062
1066
1068
1069
1070
1071
1073
1074
1077
1078
1079
1081
1083
1085
1089
1091
1092
1099
1101
1105
1108
1110
1111
1113
1114
1115
1120
1121
1124
1128
1130
1131
1133
1135
1138
1139
1140
1141
1143
1144
1146
1148
1149
1150
1151
1152
1154
1159
1161
1162
1171
1175
1178
1179
1180
1182
1183
1185
1189
1190
1191
1196
1197
1199
1201
1202
1205
1206
1210
1213
1215
1216
1217
1218
1219
1221
1222
1224
1225
1226
1227
1232
1239
1240
1243
1245
1247
1249
1251
1253
1254
1255
1257
1258
1259
1261
1262
1263
1265
1266
1271
1273
1277
1278
1280
1281
1283
1287
1288
1290
1292
1294
1295
1296
1297
1299
1300
1302
1303
1304
1308
1309
1312
1314
1318
1322
1325
1327
1330
1335
1336
1337
1340
1344
1345
1346
1348
1351
1355
1357
1359
1360
1367
1368
1370
1372
1374
1376
1378
1379
1381
1382
1383
1384
1387
1391
1392
1394
1395
1396
1397
1400
1407
1408
1409
1412
1415
1416
1418
1420
1421
1422
1425
1429
1430
1431
1433
1434
1439
1440
1442
1443
1445
1447
1449
1450
1451
1452
1456
1459
1461
1462
1463
1464
1465
1466
1471
1472
1474
1478
1481
1482
1484
1487
1488
1489
1490
1491
1492
1493
1495
1496
1497
1500
1501
1503
1505
1507
1508
1510
1514
1518
1519
1520
1521
1522
1523
1524
1525
1526
1528
1530
1531
1533
1534
1535
1537
1538
1539
1541
1542
1546
1547
1548
1549
1550
1551
1553
1554
1558
1561
1562
1564
1565
1567
1571
1572
1574
1576
1578
1579
1581
1582
1587
1588
1592
1598
1599
1600
1601
1602
1603
1604
1605
1609
1613
1615
1616
1625
1628
1629
1630
1631
1633
1634
1637
1639
1640
1646
1647
1648
1649
1651
1654
1655
1656
1657
1658
1659
1660
1662
1664
1665
1667
1669
1671
1672
1674
1676
1677
1678
1679
1680
1682
1685
1686
1689
1691
1692
1695
1696
1697
1698
1702
1703
1705
1708
1709
1711
1712
1713
1714
1715
1716
1717
1721
1723
1724
1728
1729
1731
1735
1738
1740
1742
1743
1746
1748
1749
1751
1755
1757
1760
1762
1763
1764
1766
1767
1769
1770
1771
1772
1773
1774
1776
1779
1780
1782
1783
1787
1788
1789
1793
1795
1797
1798
1801
1803
1804
1805
1806
1809
1810
1812
1814
1816
1817
1820
1822
1826
1827
1830
1831
1833
1834
1835
1837
1838
1841
1843
1844
1846
1847
1848
1850
1851
1852
1855
1856
1857
1858
1859
1862
1866
1869
1876
1877
1879
1881
1882
1883
1887
1888
1889
1890
1892
1893
1894
1895
1900
1901
1903
1905
1906
1926
1930
1931
1932
1933
1934
1935
1936
1938
1939
1941
1942
1944
1945
1946
1950
1952
1955
1958
1961
1963
1965
1966
1968
1970
1971
1973
1978
1979
1980
1982
1983
1984
1986
1987
1991
1996
1998
1999
2001
2003
2004
2005
2006
2010
2011
2012
2014
2016
2018
2019
2022
2024
2025
2026
2027
2029
2031
2032
2033
2035
2036
2038
2040
2042
2043
2044
2045
2046
2048
2049
2051
2052
2057
2058
2060
2063
2064
2065
2066
2067
2068
2069
2070
2071
2073
2074
2075
2076
2078
2079
2080
2085
2086
2087
2090
2092
2094
2095
2096
2097
2099
2100
2101
2104
2105
2110
2111
2116
2117
2118
2119
2120
2121
2122
2123
2125
2126
2128
2137
2138
2141
2142
2143
2144
2145
2146
2148
2149
2150
2151
2152
2153
2157
2158
2159
2160
2161
2162
2164
2166
2167
2168
2169
2171
2172
2174
2175
2176
2177
2181
2182
2184
2185
2187
2188
2191
2192
2194
2197
2198
2200
2204
2205
2206
2209
2211
2212
2213
2214
2215
2216
2218
2219
2222
2223
2224
2225
2227
2229
2230
2232
2233
2234
2235
2236
2237
2239
2240
2241
2244
2247
2250
2251
2252
2253
2254
2259
2260
2261
2263
2265
2266
2267
2268
2269
2270
2271
2272
2273
2275
2277
2278
2280
2281
2285
2286
2289
2291
2293
2296
2302
2303
2307
2308
2313
2314
2315
2316
2317
2318
2320
2322
2324
2328
2330
2331
2334
2336
2337
2338
2339
2341
2342
2343
2344
2345
2347
2348
2349
2351
2352
2354
2355
2358
2359
2361
2362
2363
2365
2366
2367
2368
2370
2372
2373
2375
2378
2381
2384
2387
2389
2392
2394
2396
2397
2398
2399
2400
2402
2403
2404
2405
2409
2410
2411
2416
2420
2421
2422
2423
2424
2426
2428
2430
2431
2432
2433
2435
2436
2437
2438
2439
2440
2441
2442
2445
2447
2448
2452
2456
2462
2463
2464
2465
2466
2468
2470
2477
2483
2484
2485
2486
2487
2488
2490
2491
2492
2493
2494
2495
2496
2497
2502
2503
2511
2514
2515
2516
2517
2519
2520
2522
2523
2525
2526
2527
2528
2529
2532
2534
2535
2537
2540
2546
2547
2549
2550
2554
2555
2556
2557
2558
2559
2567
2570
2572
2573
2574
2575
2576
2577
2582
2584
2585
2588
2589
2591
2593
2595
2596
2597
2598
2599
2601
2602
2604
2606
2608
2609
2610
2611
2612
2615
2618
2625
2626
2628
2633
2635
2637
2638
2640
2641
2644
2646
2650
2651
2652
2655
2656
2657
2658
2662
2663
2665
2666
2667
2668
2669
2670
2671
2672
2673
2675
2676
2678
2681
2682
2684
2685
2686
2693
2698
2700
2702
2703
2706
2707
2708
2710
2711
2712
2715
2717
2718
2719
2720
2721
2722
2723
2725
2729
2731
2734
2735
2736
2738
2741
2742
2743
2744
2745
2746
2747
2748
2749
2751
2753
2754
2755
2758
2760
2761
2764
2767
2769
2771
2772
2776
2778
2779
2781
2784
2785
2786
2789
2791
2792
2793
2794
2798
2799
2800
2801
2802
2803
2804
2805
2807
2812
2818
2823
2827
2829
2830
2833
2836
2838
2840
2841
2843
2845
2847
2850
2860
2861
2864
2866
2867
2868
2869
2870
2879
2881
2882
2883
2884
2885
2886
2887
2890
2891
2892
2893
2895
2901
2902
2905
2906
2908
2909
2913
2915
2916
2917
2918
2921
2924
2925
2927
2929
2931
2932
2933
2934
2936
2938
2939
2940
2944
2946
2948
2952
2954
2955
2956
2957
2959
2963
2964
2965
2966
2967
2970
2972
2973
2976
2980
2981
2982
2983
2984
2985
2986
2988
2989
2990
2991
2992
2993
2995
2996
2998
2999
3000
3002
3003
3004
3005
3007
3009
3010
3012
3013
3015
3017
3018
3020
3021
3022
3027
3030
3033
3035
3038
3040
3041
3044
3048
3052
3053
3054
3055
3056
3059
3060
3061
3065
3066
3067
3068
3069
3070
3072
3073
3074
3076
3078
3079
3081
3082
3083
3084
3087
3090
3091
3093
3094
3095
3096
3097
3100
3101
3102
3107
3109
3110
3112
3113
3114
3115
3118
3121
3124
3125
3128
3130
3131
3134
3135
3136
3138
3141
3143
3146
3147
3149
3151
3154
3155
3156
3158
3159
3160
3163
3164
3171
3174
3177
3179
3180
3181
3185
3186
3187
3188
3189
3190
3192
3197
3198
3200
3201
3202
3204
3208
3209
3213
3214
3215
3216
3219
3222
3223
3224
3225
3226
3228
3229
3231
3232
3233
3234
3236
3237
3240
3244
3246
3247
3249
3250
3255
3258
3259
3260
3261
3263
3264
3265
3267
3268
3269
3270
3275
3276
3277
3280
3284
3286
3287
3290
3291
3292
3293
3294
3295
3296
3299
3300
3303
3307
3309
3312
3318
3320
3322
3323
3324
3325
3329
3330
3332
3335
3336
3337
3339
3344
3345
3348
3349
3352
3354
3355
3356
3358
3359
3361
3362
3363
3365
3368
3372
3373
3374
3376
3379
3382
3387
3388
3391
3392
3395
3396
3398
3399
3400
3402
3404
3406
3409
3410
3413
3416
3418
3419
3421
3430
3431
3435
3436
3440
3441
3447
3451
3454
3455
3456
3461
3462
3465
3468
3469
3471
3473
3474
3479
3481
3482
3487
3488
3490
3493
3495
3498
3499
3500
3506
3507
3508
3509
3510
3514
3517
3518
3519
3522
3524
3525
3526
3528
3529
3532
3533
3537
3538
3540
3542
3545
3546
3547
3548
3550
3551
3553
3555
3557
3559
3560
3561
3562
3563
3567
3568
3569
3570
3572
3576
3582
3584
3587
3591
3592
3593
3595
3596
3598
3599
3600
3602
3603
3604
3606
3608
3610
3613
3614
3622
3624
3625
3626
3627
3631
3632
3633
3635
3636
3640
3642
3643
3644
3645
3651
3655
3656
3658
3660
3662
3665
3666
3668
3669
3679
3680
3683
3684
3685
3688
3690
3691
3694
3696
3703
3707
3708
3709
3712
3715
3718
3719
3721
3722
3723
3724
3725
3726
3729
3738
3740
3745
3746
3747
3754
3764
3766
3767
3770
3772
3774
3775
3778
3779
3780
3781
3783
3785
3787
3789
3791
3792
3794
3796
3797
3798
3803
3807
3808
3813
3814
3815
3816
3817
3820
3822
3823
3825
3826
3827
3832
3833
3834
3835
3838
3839
3840
3842
3843
3844
3847
3848
3849
3852
3857
3858
3861
3866
3869
3870
3871
3872
3876
3877
3878
3881
3883
3884
3885
3886
3888
3892
3894
3895
3897
3899
3902
3903
3905
3910
3911
3913
3914
3918
3920
3921
3922
3923
3926
3928
3929
3930
3931
3933
3934
3940
3943
3946
3948
3949
3950
3952
3955
3957
3958
3959
3963
3965
3966
3967
3968
3971
3973
3974
3976
3977
3979
3981
3982
3983
3984
3985
3986
3988
3989
3990
3991
3992
3994
3995
3998
4000
4003
4004
4005
4007
4008
4009
4013
4015
4018
4020
4022
4024
4025
4026
4027
4029
4030
4033
4036
4037
4038
4039
4043
4044
4045
4046
4047
4048
4049
4050
4051
4053
4054
4055
4056
4057
4059
4060
4061
4062
4064
4065
4067
4068
4073
4074
4076
4077
4079
4082
4083
4084
4085
4089
4091
4093
4097
4098
4099
4100
4103
4106
4107
4108
4109
4114
4115
4117
4119
4121
4122
4124
4129
4133
4134
4135
4138
4139
4142
4143
4144
4145
4147
4148
4149
4150
4151
4152
4153
4154
4155
4158
4159
4160
4161
4163
4165
4166
4167
4169
4170
4174
4175
4177
4178
4179
4181
4182
4184
4187
4189
4190
4191
4194
4195
4196
4197
4199
4200
4202
4203
4206
4207
4209
4211
4216
4218
4223
4224
4225
4227
4228
4229
4246
4247
4248
4249
4250
4252
4258
4260
4261
4263
4264
4266
4267
4268
4269
4270
4272
4274
4275
4277
4281
4286
4287
4289
4290
4292
4293
4294
4296
4297
4301
4302
4303
4304
4307
4310
4312
4314
4319
4320
4324
4325
4327
4328
4329
4333
4335
4337
4340
4341
4342
4346
4347
4348
4349
4350
4352
4353
4359
4361
4363
4364
4366
4368
4372
4373
4374
4375
4378
4379
4380
4381
4383
4385
4387
4391
4392
4397
4398
4399
4400
4401
4406
4409
4410
4413
4414
4416
4418
4424
4426
4432
4435
4437
4443
4444
4447
4449
4450
4455
4458
4464
4465
4467
4469
4470
4471
4475
4476
4478
4479
4480
4481
4484
4485
4488
4489
4491
4493
4494
4495
4509
4510
4513
4516
4517
4518
4519
4520
4522
4524
4534
4538
4540
4543
4544
4546
4547
4549
4551
4552
4554
4556
4557
4560
4561
4563
4564
4565
4566
4567
4568
4571
4572
4577
4579
4580
4583
4584
4585
4590
4591
4593
4594
4597
4599
4602
4603
4604
4605
4609
4611
4612
4614
4616
4617
4618
4619
4620
4621
4626
4629
4632
4634
4637
4638
4640
4641
4644
4645
4647
4648
4649
4651
4652
4653
4654
4655
4656
4657
4660
4663
4665
4666
4668
4670
4671
4674
4675
4676
4677
4679
4680
4681
4685
4687
4689
4691
4692
4693
4694
4696
4697
4698
4699
4700
4701
4702
4706
4710
4711
4712
4714
4717
4719
4724
4726
4728
4729
4730
4731
4732
4733
4735
4739
4740
4744
4745
4746
4748
4751
4752
4754
4755
4758
4761
4762
4763
4764
4765
4772
4774
4777
4778
4782
4785
4787
4792
4793
4794
4798
4799
4800
4801
4802
4805
4807
4814
4816
4817
4818
4824
4825
4826
4831
4832
4838
4841
4846
4847
4850
4851
4852
4854
4857
4858
4859
4860
4861
4865
4866
4867
4868
4869
4874
4876
4877
4878
4889
4891
4896
4905
4906
4907
4908
4909
4911
4915
4917
4919
4920
4922
4926
4927
4929
4932
4933
4937
4940
4942
4946
4947
4950
4951
4952
4953
4954
4957
4959
4962
4963
4965
4966
4970
4973
4974
4977
4978
4979
4982
4986
4987
4991
4995
4997
5001
5007
5011
5012
5019
5020
5021
5022
5024
5025
5030
5031
5032
5034
5035
5040
5042
5043
5044
5046
5058
5060
5066
5067
5072
5077
5078
5080
5081
5082
5083
5085
5088
5090
5092
5093
5096
5099
5102
5108
5110
5111
5112
5113
5114
5116
5121
5126
5128
5131
5134
5135
5136
5137
5138
5139
5140
5141
5142
5143
5146
5149
5150
5151
5152
5154
5155
5156
5157
5158
5160
5162
5164
5165
5167
5169
5177
5179
5183
5184
5187
5191
5193
5194
5195
5196
5197
5198
5199
5201
5202
5204
5211
5213
5215
5216
5219
5222
5225
5232
5233
5234
5237
5238
5241
5244
5250
5252
5257
5259
5261
5263
5265
5267
5269
5272
5275
5276
5277
5280
5287
5291
5294
5295
5300
5304
5305
5306
5308
5309
5310
5313
5314
5315
5320
5322
5323
5325
5327
5328
5329
5334
5336
5338
5340
5342
5344
5345
5349
5351
5354
5357
5359
5366
5367
5368
5369
5376
5377
5380
5381
5383
5384
5386
5388
5395
5398
5402
5403
5404
5405
5406
5407
5420
5423
5424
5425
5426
5427
5428
5431
5432
5433
5435
5436
5438
5439
5440
5441
5442
5443
5444
5445
5446
5451
5452
5453
5454
5455
5456
5457
5463
5466
5468
5472
5474
5475
5482
5483
5484
5486
5487
5488
5491
5495
5496
5498
5505
5508
5509
5510
5512
5514
5515
5519
5520
5521
5523
5525
5526
5530
5532
5535
5538
5543
5544
5547
5548
5549
5550
5551
5552
5554
5555
5557
5558
5559
5561
5565
5566
5570
5571
5576
5580
5581
5583
5585
5591
5592
5596
5599
5601
5603
5604
5606
5609
5611
5613
5614
5615
5618
5621
5622
5624
5627
5629
5634
5636
5639
5640
5643
5645
5646
5649
5654
5655
5656
5657
5659
5664
5665
5667
5668
5669
5670
5671
5674
5675
5678
5679
5680
5682
5684
5687
5690
5691
5692
5693
5696
5700
5701
5703
5705
5707
5711
5712
5716
5717
5721
5724
5733
5736
5738
5740
5741
5747
5748
5751
5753
5755
5756
5758
5759
5762
5765
5766
5767
5770
5771
5772
5778
5784
5785
5786
5788
5789
5790
5792
5793
5794
5795
5797
5802
5804
5808
5812
5814
5815
5817
5818
5819
5820
5821
5823
5824
5825
5826
5828
5830
5834
5835
5836
5837
5840
5842
5843
5844
5847
5850
5853
5854
5856
5857
5858
5864
5872
5873
5875
5876
5879
5881
5885
5889
5891
5892
5894
5896
5897
5899
5903
5905
5906
5907
5908
5910
5911
5912
5921
5934
5938
5951
5952
5953
5956
5958
5960
5962
5965
5966
5970
5972
5976
5977
5984
5989
5997
5998
6006
6008
6013
6016
6021
6022
6024
6027
6029
6032
6034
6039
6041
6043
6048
6049
6051
6058
6066
6068
6069
6070
6084
6087
6093
6095
6096
6099
6101
6109
6116
6117
6119
6125
6131
6140
6144
6146
6149
6150
6154
6157
6158
6159
6176
6184
6189
6192
6193
6208
6222
6223
6236
6242
6245
6263
6266
6268
6269
6275
6276
6279
6283
6302
6305
6309
6313
6314
6317
6321
6323
6331
6337
6339
6342
6344
6348
6350
6352
6355
6356
6363
6367
6369
6376
6384
6386
6394
6395
6397
6398
6399
6403
6408
6415
6423
6441
6442
6448
6452
6453
6454
6455
6458
6469
6473
6476
6479
6480
6482
6485
6489
6490
6496
6498
6501
6505
6507
6512
6513
6515
6518
6520
6534
6535
6543
6552
6581
6592
6594
6601
6602
6608
6611
6621
6626
6629
6642
6643
6647
6650
6656
6657
6665
6667
6669
6674
6675
6679
6684
6694
6696
6697
6704
6724
6729
6735
6736
6738
6752
6759
6760
6769
6770
6771
6775
6777
6781
6782
6783
6785
6789
6795
6799
6806
6814
6815
6824
6829
6833
6835
6838
6851
6858
6859
6863
6872
6881
6883
6892
6895
6896
6897
6898
6899
6907
6914
6918
6919
6931
6953
6954
6956
6961
6980
6991
6996
6999
7002
7006
7012
7013
7015
7017
7023
7025
7026
7027
7035
7042
7045
7046
7061
7066
7076
7077
7078
7080
7083
7085
7090
7096
7097
7101
7109
7128
7133
7136
7137
7139
7144
7145
7146
7148
7149
7150
7156
7157
7171
7173
7176
7190
7192
7196
7201
7203
7206
7208
7220
7225
7231
7232
7234
7235
7236
7238
7247
7248
7254
7263
7264
7277
7281
7286
7308
7313
7319
7320
7329
7337
7341
7345
7347
7363
7364
7374
7381
7383
7385
7389
7390
7394
7395
7397
7400
7409
7416
7422
7432
7437
7444
7446
7449
7455
7457
7470
7471
7475
7481
7497
7500
7502
7509
7511
7513
7519
7524
7526
7527
7528
7529
7531
7536
7543
7547
7552
7556
7569
7577
7580
7583
7601
7609
7610
7613
7614
7617
7619
7620
7621
7625
7637
7649
7650
7651
7661
7671
7681
7683
7684
7687
7689
7691
7693
7694
7698
7706
7711
7722
7726
7731
7740
7742
7745
7748
7751
7753
7757
7766
7771
7780
7781
7784
7785
7787
7795
7802
7804
7805
7808
7812
7818
7821
7827
7832
7837
7838
7851
7858
7873
7879
7891
7897
7898
7899
7920
7923
7924
7927
7930
7931
7932
7942
7944
7948
7949
7951
7952
7957
7958
