1
33
43
102
137
147
155
186
227
260
285
314
346
361
384
397
411
444
455
509
518
556
557
575
593
608
627
629
632
646
672
735
740
743
750
759
772
773
775
778
801
809
825
836
838
905
908
912
924
952
959
966
972
975
980
991
998
1004
1018
1027
1064
1071
1088
1096
1128
1152
1158
1199
1202
1203
1213
1216
1229
1230
1231
1256
1266
1272
1276
1279
1281
1295
1298
1302
1347
1353
1356
1359
1370
1381
1423
1424
1427
1459
1465
1467
1470
1481
1490
1515
1522
1542
1545
1555
1565
1567
1571
1593
1607
1613
1615
1622
1625
1626
1628
1634
1636
1670
1684
1695
1698
1713
1735
1736
1755
1781
1787
1824
1828
1844
1885
1886
1895
1918
1925
1929
1932
1936
1940
1978
1981
1996
2000
2004
2011
2028
2038
2057
2064
2079
2081
2097
2106
2111
2128
2167
2171
2183
2242
2279
2302
2309
2312
2367
2371
2385
2402
2407
2410
2416
2419
2420
2422
2429
2437
2441
2445
2477
2482
2488
2492
2501
2518
2519
2523
2527
2565
2582
2596
2606
2607
2608
2610
2619
2634
2636
2642
2665
2667
2675
2694
2703
2709
2728
2740
2753
2768
2786
2802
2810
2815
2821
2828
2855
2856
2865
2873
2885
2897
2899
2902
2916
2940
2941
2948
2960
2966
2967
2969
2976
2977
2998
3000
3008
3026
3030
3036
3041
3043
3044
3045
3049
3050
3053
3059
3106
3115
3133
3171
3196
3207
3212
3228
3250
3260
3309
3315
3318
3325
3327
3339
3341
3392
3410
3430
3460
3505
3538
3574
3577
3597
3601
3610
3626
3630
3670
3672
3689
3695
3698
3714
3733
3752
3777
3779
3780
3807
3908
3911
3928
3931
3932
3952
3960
3987
3992
3996
4070
4094
4114
4120
4136
4149
4156
4180
4200
4238
4242
4257
4272
4302
4312
4318
4325
4367
4373
4376
4380
4389
4409
4412
4413
4417
4432
4467
4468
4469
4476
4574
4585
4605
4626
4648
4663
4674
4682
4688
4769
4775
4786
4793
4797
4799
4817
4834
4838
4842
4845
4861
4874
4913
4917
4943
4968
4981
4985
4998
4999
5000
5004
5005
5008
5010
5026
5027
5028
5033
5039
5041
5055
5057
5062
5063
5066
5079
5088
5091
5093
5115
5127
5132
5133
5135
5139
5142
5143
5167
5168
5188
5195
5206
5207
5208
5214
5218
5228
5230
5232
5234
5241
5246
5249
5251
5256
5258
5277
5278
5282
5285
5290
5297
5305
5307
5311
5316
5318
5323
5334
5339
5340
5342
5352
5354
5355
5358
5360
5365
5366
5370
5378
5383
5386
5388
5393
5403
5409
5419
5421
5423
5424
5425
5428
5430
5432
5438
5439
5441
5443
5449
5455
5459
5469
5470
5475
5479
5486
5487
5490
5492
5493
5497
5498
5506
5507
5508
5510
5512
5526
5537
5540
5546
5547
5552
5553
5558
5562
5567
5569
5570
5571
5572
5573
5576
5583
5584
5590
5598
5599
5616
5619
5621
5623
5626
5627
5631
5633
5651
5664
5665
5666
5669
5685
5687
5691
5694
5696
5700
5703
5708
5709
5716
5718
5721
5725
5727
5728
5730
5733
5735
5740
5749
5753
5762
5763
5771
5776
5778
5781
5782
5789
5796
5801
5803
5817
5823
5832
5838
5839
5840
5841
5842
5843
5851
5852
5854
5857
5868
5872
5886
5890
5894
5899
5909
5915
5917
5918
5919
5921
5926
5949
5957
5960
5972
6024
6041
6043
6050
6061
6080
6085
6096
6099
6103
6143
6147
6155
6167
6174
6177
6186
6210
6217
6218
6228
6234
6242
6244
6245
6256
6261
6267
6282
6308
6329
6359
6400
6403
6419
6436
6459
6460
6467
6477
6479
6482
6515
6556
6562
6581
6588
6593
6621
6622
6627
6640
6652
6656
6666
6672
6674
6717
6727
6731
6739
6745
6749
6751
6753
6757
6771
6776
6779
6817
6819
6836
6841
6847
6862
6866
6886
6889
6907
6910
6911
6918
6947
6949
6954
6960
6962
6966
6988
6993
7000
7033
7065
7069
7074
7076
7108
7111
7134
7141
7145
7170
7176
7191
7232
7250
7258
7274
7319
7322
7338
7339
7361
7372
7387
7404
7415
7422
7442
7448
7455
7460
7463
7465
7478
7501
7539
7555
7557
7570
7603
7608
7633
7640
7649
7654
7696
7707
7750
7757
7769
7775
7779
7780
7781
7783
7804
7815
7816
7817
7821
7857
7868
7908
7969
7989
7994
7999
8004
8022
8062
8089
8092
8107
8143
8175
8181
8184
8196
8314
8316
8321
8363
8382
8392
8461
8513
8517
8521
8562
8573
8574
8579
8613
8622
8623
8627
8634
8668
8691
8693
8713
8716
8766
8799
8816
8858
8866
8886
8915
8918
8925
8934
8948
8953
8958
8975
8983
8995
9015
9028
9037
9046
9063
9073
9087
9105
9111
9141
9144
9153
9165
9188
9249
9251
9285
9296
9323
9324
9382
9388
9392
9419
9465
9493
9539
9596
9601
9613
9629
9671
9686
9691
9702
9731
9769
9770
9779
9810
9843
9851
9852
9871
9874
9904
9911
9912
9913
9920
9943
9996
10013
10072
10076
10085
10130
10135
10145
10174
10181
10257
10266
10276
10308
10322
10323
10339
10357
10364
10381
10382
10383
10393
10407
10408
10415
10429
10436
10443
10448
10455
10468
10469
10473
10476
10487
10502
10523
10542
10592
10599
10613
10629
10633
10682
10717
10764
10788
10794
10805
10807
10815
10836
10862
10871
10882
10885
10887
10907
10921
10932
10936
10952
10964
10972
10992
10996
11016
11037
11045
11054
11061
11072
11074
11136
11143
11170
11178
11187
11197
11201
11210
11220
11252
11270
11281
11285
11297
11348
11362
11372
11373
11377
11391
11394
11440
11466
11506
11513
11532
11577
11592
11609
11637
11651
11664
11665
11678
11681
11688
11689
11699
11738
11757
11787
11794
11806
11808
11812
11821
11827
11828
11838
11857
11868
11883
11916
11919
11928
11931
11933
11943
11948
11966
11973
11978
12014
12025
12030
12093
12094
12095
12107
12120
12142
12155
12158
12193
12199
12209
12217
12234
12280
12286
12355
12379
12390
12393
12410
12420
12421
12431
12442
12473
12481
12489
12495
12510
12524
12538
12570
12623
12644
12648
12651
12654
12685
12688
12690
12706
12769
12777
12797
12805
12814
12821
12843
12870
12874
12906
12917
12926
12960
13012
13054
13069
13083
13140
13160
13177
13191
13216
13217
13221
13223
13272
13283
13302
13325
13349
13361
13374
13386
13389
13392
13396
13407
13411
13425
13436
13460
13473
13484
13486
13488
13509
13520
13531
13536
13537
13570
13571
13574
13660
13680
13698
13708
13713
13739
13793
13799
13804
13813
13852
13856
13875
13884
13890
13900
13911
14020
14030
14043
14095
14109
14131
14132
14138
14167
14169
14282
14291
14302
14318
14408
14412
14435
14445
14451
14490
14494
14499
14517
14546
14553
14561
14590
14593
14603
14604
14606
14628
14664
14711
14713
14715
14772
14821
14834
14865
14868
14892
14910
14971
14973
14979
14982
14984
14989
15004
15020
15038
15066
15072
15115
15139
15142
15148
15149
15189
15194
15205
15236
15237
15271
15280
15283
15305
15308
15318
15322
15323
15329
15342
15388
15412
15426
15437
15464
15530
15531
15561
15576
15582
15593
15602
15622
15637
15640
15643
15646
15664
15682
15697
15700
15719
15745
15747
15755
15759
15767
15774
15779
15784
15794
15905
15910
15927
15967
15971
15995
15996
16022
16047
16074
16088
16090
16095
16105
16109
16122
16138
16161
16175
16196
16201
16211
16218
16231
16287
16332
16355
16384
16400
16408
16414
16450
16528
16547
16632
16634
16642
16660
16670
16696
16732
16751
16755
16756
16764
16774
16782
16804
16811
16826
16835
16838
16870
16894
16897
16902
16923
16926
16984
16990
17019
17025
17035
17066
17101
17182
17192
17210
17222
17224
17275
17298
17304
17310
17326
17331
17353
17354
17382
17384
17385
17395
17401
17514
17531
17540
17543
17547
17592
17593
17626
17643
17646
17674
17677
17684
17695
17709
17716
17742
17745
17775
17782
17784
17787
17792
17815
17822
17831
17855
17864
17894
17895
17917
17918
17920
17922
17948
17978
18028
18037
18040
18041
18042
18045
18080
18089
18118
18145
18150
18165
18187
18188
18226
18235
18276
18322
18323
18328
18331
18351
18361
18365
18373
18393
18400
18405
18408
18412
18415
18454
18463
18490
18498
18501
18514
18546
18572
18577
18604
18615
18621
18622
18675
18686
18692
18704
18708
18719
18744
18745
18805
18906
18913
18936
18937
18941
18944
18950
18978
18990
19020
19041
19069
19081
19085
19091
19092
19098
19107
19115
19127
19130
19138
19155
19158
19194
19200
19228
19232
19284
19293
19302
19312
19316
19322
19348
19363
19369
19463
19499
19593
19619
19629
19643
19645
19646
19687
19695
19743
19765
19770
19791
19792
19804
19833
19878
19894
19944
19946
19956
19971
19989
20018
20070
20072
20099
20107
20113
20122
20180
20219
20225
20238
20255
20271
20352
20372
20402
20432
20478
20495
20547
20586
20625
20646
20654
20701
20753
20756
20759
20773
20790
20800
20814
20819
20839
20892
20936
20945
20952
20963
20987
21013
21026
21038
21053
21066
21067
21103
21146
21158
21169
21181
21232
21242
21272
21345
21365
21366
21374
21389
21392
21394
21401
21402
21409
21438
21443
21479
21481
21510
21511
21553
21555
21576
21598
21615
21628
21646
21673
21679
21703
21704
21750
21792
21808
21843
21853
21870
21887
21895
21901
21970
21987
22017
22018
22074
22116
22117
22150
22157
22171
22274
22287
22315
22321
22332
22336
22349
22363
22376
22415
22417
22432
22435
22442
22445
22489
22510
22525
22530
22532
22538
22546
22696
22732
22735
22801
22819
22838
22864
22891
22902
22913
22928
22933
23018
23019
23052
23062
23068
23077
23078
23110
23111
23124
23125
23132
23217
23282
23291
23408
23411
23414
23422
23454
23489
23540
23582
23605
23611
23648
23664
23672
23673
23721
23782
23793
23822
23885
23886
23933
23993
23999
24003
24009
24064
24108
24127
24146
24151
24172
24186
24214
24216
24217
24223
24259
24273
24310
24316
24323
24336
24339
24351
24354
24357
24365
24392
24448
24502
24531
24534
24541
24558
24560
24563
24652
24705
24774
24823
24829
24846
24851
24856
24879
24904
24910
24911
24913
24951
24959
24961
24966
24967
25019
25047
25050
25133
25143
25177
25186
25233
25242
25245
25252
25271
25293
25294
25325
25330
25331
25337
25355
25396
25401
25409
25410
25435
25462
25470
25472
25504
25510
25511
25531
25545
25563
25572
25608
25629
25642
25643
25645
25677
25685
25705
25707
25708
25721
25822
25833
25893
25905
25907
25921
25923
25955
25962
25969
25972
26056
26069
26084
26090
26106
26119
26184
26193
26200
26212
26224
26235
26238
26239
26250
26291
26303
26313
26315
26321
26370
26410
26420
26450
26460
26467
26500
26505
26586
26602
26615
26648
26675
26701
26702
26710
26746
26753
26756
26790
26798
26823
26835
26840
26858
26922
26923
26942
26943
26963
27036
27072
27090
27145
27213
27223
27229
27250
27254
27264
27280
27283
27287
27290
27306
27316
27320
27344
27366
27387
27388
27432
27448
27454
27460
27489
27555
27574
27575
27576
27614
27628
27633
27656
27661
27662
27734
27740
27746
27799
27823
27837
27842
27844
27848
27850
27867
27885
27905
27935
27970
27987
27998
28001
28037
28059
28125
28168
28179
28180
28182
28190
28219
28284
28336
28345
28384
28406
28415
28442
28464
28466
28478
28495
28515
28528
28540
28554
28564
28604
28606
28615
28645
28681
28693
28754
28778
28779
28822
28827
28863
28888
28912
28913
28972
28976
28984
28989
28997
29009
29055
29067
29080
29081
29084
29093
29133
29141
29146
29163
29178
29184
29216
29263
29288
29292
29308
29314
29319
29393
29394
29412
29462
29543
29559
29577
29582
29613
29616
29628
29634
29639
29665
29679
29685
29697
29731
29746
29754
29757
29781
29789
29793
29806
29843
29879
29880
29903
29908
29942
29967
30030
30054
30125
30127
30147
30151
30153
30155
30156
30159
30187
30228
30239
30252
30265
30270
30278
30312
30325
30328
30334
30335
30341
30352
30361
30363
30369
30388
30389
30392
30395
30421
30432
30438
30485
30491
30533
30541
30557
30578
30597
30612
30618
30630
30636
30677
30683
30714
30730
30761
30779
30806
30828
30848
30850
30878
30884
30929
30935
30939
30975
30976
30978
31018
31072
31114
31129
31152
31164
31190
31298
31323
31330
31347
31376
31429
31430
31454
31463
31509
31513
31517
31544
31552
31557
31559
31560
31576
31591
31598
31625
31636
31700
31717
31732
31754
31783
31789
31845
31848
31890
31898
31907
31970
32004
32083
32088
32134
32135
32167
32178
32222
32250
32275
32303
32330
32345
32383
32410
32452
32510
32543
32565
32572
32622
32632
32636
32714
32719
32722
32724
32726
32732
32775
32856
32862
32866
32940
32965
33003
33023
33024
33044
33059
33123
33161
33185
33211
33220
33235
33238
33247
33288
33295
33307
33314
33336
33342
33350
33369
33374
33376
33385
33400
33401
33402
33419
33460
33472
33502
33543
33577
33582
33625
33686
33731
33783
33785
33798
33802
33813
33904
33920
33928
33938
33960
33963
33969
33972
33978
33997
34028
34040
34045
34048
34097
34099
34100
34102
34104
34176
34212
34246
34274
34330
34356
34394
34447
34559
34568
34586
34592
34615
34631
34635
34643
34668
34673
34708
34714
34770
34822
34843
34850
34891
34919
34952
35009
35035
35037
35077
35102
35128
35132
35151
35153
35167
35172
35184
35190
35193
35224
35235
35239
35247
35259
35264
35265
35323
35330
35341
35388
35443
35449
35482
35489
35513
35514
35532
35533
35541
35570
35587
35600
35631
35637
35653
35694
35730
35733
35758
35782
35794
35795
35807
35855
35883
35949
35968
35981
35990
35996
35998
35999
36000
36001
36061
36072
36084
36098
36148
36156
36164
36168
36174
36215
36264
36285
36288
36292
36295
36318
36381
36392
36395
36416
36444
36476
36498
36507
36550
36558
36617
36664
36665
36757
36776
36791
36812
36818
36845
36850
36870
36917
36951
36953
36965
36968
36983
36989
37057
37099
37117
37137
37162
37172
37175
37179
37197
37205
37223
37293
37387
37399
37409
37447
37454
37472
37483
37490
37513
37561
37593
37595
37607
37628
37639
37669
37683
37686
37688
37718
37727
37728
37734
37781
37794
37795
37799
37801
37810
37816
37881
37902
37967
37979
38031
38032
38085
38145
38146
38154
38169
38178
38190
38204
38207
38214
38227
38228
38239
38320
38322
38323
38330
38352
38363
38364
38365
38386
38426
38438
38442
38447
38451
38476
38506
38524
38562
38563
38600
38621
38622
38641
38642
38644
38665
38687
38693
38790
38843
38875
38889
38890
38892
38903
38959
38967
38975
38993
39005
39061
39129
39194
39205
39242
39244
39255
39259
39267
39287
39316
39336
39424
39430
39448
39450
39454
39463
39482
39493
39496
39530
39554
39555
39565
39580
39614
39620
39621
39634
39672
39691
39692
39738
39776
39782
39798
39799
39817
39847
39863
39885
39899
39927
39983
40024
40027
40065
40069
40077
40091
40099
40117
40147
40161
40168
40201
40239
40269
40280
40331
40334
40335
40354
40372
40409
40423
40430
40493
40529
40549
40580
40615
40616
40619
40626
40649
40672
40690
40695
40696
40700
40711
40743
40748
40751
40761
40782
40808
40824
40836
40840
40856
40876
40894
40900
40918
40944
40954
41021
41048
41084
41093
41103
41122
41126
41131
41134
41144
41158
41159
41216
41221
41230
41273
41296
41302
41330
41332
41349
41375
41388
41409
41440
41443
41497
41501
41558
41615
41622
41639
41644
41647
41665
41696
41711
41748
41800
41805
41830
41846
41858
41876
41896
41898
41943
41957
41966
41969
41970
41979
42029
42030
42031
42038
42046
42072
42108
42189
42202
42255
42272
42315
42332
42347
42376
42390
42393
42398
42404
42417
42432
42458
42487
42507
42513
42514
42519
42531
42541
42548
42555
42562
42620
42624
42631
42633
42650
42698
42720
42778
42786
42810
42824
42829
42841
42845
42856
42866
42871
42892
42913
42992
43040
43057
43072
43073
43180
43212
43216
43255
43272
43273
43277
43280
43284
43345
43347
43348
43358
43435
43439
43449
43475
43476
43524
43525
43533
43536
43573
43590
43625
43639
43640
43651
43662
43663
43703
43720
43730
43735
43742
43743
43749
43773
43779
43813
43849
43865
43895
43916
44021
44033
44045
44090
44141
44150
44185
44196
44197
44202
44207
44225
44240
44245
44290
44299
44305
44328
44331
44351
44375
44385
44386
44407
44455
44458
44471
44483
44499
44515
44521
44524
44582
44584
44589
44645
44665
44668
44676
44726
44774
44777
44804
44846
44861
44869
44870
44896
44909
44955
45037
45050
45057
45064
45085
45091
45113
45115
45128
45168
45198
45219
45262
45291
45302
45314
45348
45377
45386
45412
45419
45434
45440
45443
45444
45447
45484
45500
45504
45525
45532
45569
45573
45580
45584
45597
45601
45609
45613
45620
45630
45632
45633
45638
45719
45748
45784
45810
45827
45895
45929
45941
45966
45995
46046
46073
46084
46147
46162
46211
46215
46225
46228
46233
46247
46252
46324
46352
46353
46356
46379
46383
46387
46415
46431
46476
46484
46587
46589
46591
46616
46639
46656
46659
46660
46672
46692
46697
46737
46750
46756
46763
46774
46805
46809
46817
46835
46842
46851
46853
46872
46921
46933
46934
46946
46960
46968
47001
47009
47010
47017
47027
47059
47086
47112
47125
47126
47130
47131
47197
47209
47226
47229
47268
47274
47283
47293
47300
47328
47352
47366
47389
47394
47403
47408
47411
47449
47453
47455
47475
47487
47489
47494
47495
47508
47514
47518
47532
47541
47560
47565
47600
47608
47613
47641
47643
47649
47658
47691
47693
47733
47781
47799
47809
47829
47833
47835
47841
47878
47891
47892
47922
47929
47937
47950
47970
47975
47991
48000
48017
48018
48059
48060
48070
48094
48112
48118
48125
48134
48145
48157
48180
48200
48220
48226
48255
48269
48288
48289
48306
48314
48323
48349
48392
48396
48402
48411
48415
48419
48420
48423
48438
48447
48454
48455
48489
48496
48528
48531
48533
48574
48607
48611
48623
48708
48720
48752
48774
48809
48818
48825
48848
48850
48855
48876
48881
48887
48918
48936
48946
48954
48970
48979
48982
49034
49078
49082
49125
49138
49141
49143
49152
49160
49175
49197
49220
49241
49318
49328
49337
49369
49414
49424
49435
49437
49446
49451
49490
49503
49508
49519
49544
49549
49612
49680
49694
49696
49697
49715
49722
49736
49746
49764
49795
49802
49803
49805
49809
49813
49817
49840
49842
49888
49903
49907
49909
49936
49939
49954
49968
49984
49995
50000
50002
50003
50005
50006
50012
50031
50034
50036
50045
50050
50052
50054
50067
50069
50093
50094
50105
50107
50130
50132
50135
50144
50149
50150
50153
50164
50166
50191
50217
50235
50249
50252
50253
50254
50256
50261
50269
50272
50277
50280
50347
50354
50355
50357
50367
50368
50392
50417
50421
50434
50448
50455
50458
50463
50464
50471
50478
50493
50497
50527
50536
50553
50554
50558
50564
50568
50582
50588
50596
50606
50608
50616
50624
50626
50628
50629
50631
50636
50641
50645
50680
50682
50683
50691
50692
50696
50713
50714
50748
50753
50754
50760
50762
50771
50772
50783
50784
50786
50791
50792
50797
50813
50821
50824
50827
50853
50878
50883
50885
50887
50892
50903
50911
50914
50920
50941
50971
50974
50978
50989
50994
50995
51007
51011
51017
51027
51032
51038
51057
51059
51072
51074
51085
51090
51163
51164
51167
51177
51184
51186
51187
51205
51206
51216
51249
51256
51258
51260
51264
51269
51280
51285
51294
51297
51298
51299
51303
51304
51308
51326
51356
51364
51371
51374
51376
51400
51430
51466
51471
51476
51488
51503
51507
51511
51512
51535
51540
51551
51579
51582
51583
51587
51618
51627
51668
51691
51703
51709
51764
51775
51786
51790
51804
51827
51838
51850
51853
51871
51883
51888
51896
51911
51928
51979
52000
52005
52017
52021
52033
52056
52058
52062
52064
52115
52116
52120
52122
52159
52165
52166
52175
52185
52200
52208
52231
52242
52304
52313
52321
52343
52347
52351
52352
52387
52417
52433
52451
52455
52528
52531
52562
52596
52625
52635
52659
52672
52685
52700
52713
52756
52760
52767
52779
52791
52805
52835
52845
52917
52926
52939
52958
52972
52991
53023
53024
53048
53053
53055
53071
53087
53088
53091
53105
53120
53135
53151
53175
53177
53185
53192
53203
53230
53236
53253
53255
53280
53302
53307
53333
53349
53355
53380
53391
53408
53438
53471
53474
53485
53492
53495
53500
53502
53509
53542
53566
53572
53583
53622
53628
53641
53645
53654
53669
53674
53680
53682
53688
53691
53694
53696
53712
53720
53726
53752
53760
53764
53782
53794
53820
53851
53858
53861
53879
53892
53896
53905
53919
53921
53923
53926
53939
53943
53947
53951
53954
53961
53965
53977
54008
54042
54057
54068
54079
54082
54089
54098
54110
54134
54156
54158
54212
54217
54256
54267
54280
54288
54290
54296
54302
54314
54316
54339
54340
54385
54390
54391
54392
54402
54404
54405
54437
54447
54449
54457
54470
54504
54512
54516
54574
54586
54597
54610
54640
54641
54688
54703
54712
54734
54742
54757
54758
54784
54803
54814
54856
54879
54915
54920
54921
54938
54940
54945
54947
54963
54973
54982
54987
54990
54995
55006
55007
55018
55057
55079
55080
55081
55114
55172
55175
55196
55232
55289
55301
55330
55336
55355
55358
55378
55387
55392
55488
55524
55536
55582
55583
55591
55595
55601
55608
55660
55668
55678
55754
55772
55776
55798
55807
55814
55827
55831
55855
55874
55898
55927
55942
55943
55947
55950
55953
55968
55969
56001
56003
56024
56030
56034
56040
56063
56069
56103
56104
56113
56132
56136
56138
56150
56153
56159
56163
56174
56187
56201
56207
56228
56229
56231
56232
56234
56254
56259
56272
56274
56276
56296
56301
56313
56314
56333
56352
56355
56367
56371
56375
56390
56392
56406
56414
56429
56434
56442
56466
56480
56481
56497
56508
56522
56531
56557
56568
56575
56576
56582
56594
56604
56613
56624
56642
56649
56660
56669
56672
56674
56683
56696
56698
56707
56712
56715
56753
56761
56778
56851
56858
56863
56865
56867
56877
56884
56897
56904
56909
56913
56952
56973
56976
57000
57002
57013
57025
57030
57035
57042
57046
57059
57080
57090
57099
57100
57110
57131
57145
57155
57156
57165
57168
57183
57204
57250
57259
57264
57269
57284
57286
57289
57297
57298
57328
57336
57346
57375
57404
57410
57422
57437
57456
57465
57480
57481
57492
57534
57540
57552
57572
57583
57609
57612
57628
57629
57633
57657
57678
57691
57692
57723
57741
57791
57796
57842
57864
57873
57875
57882
57888
57915
57937
57973
57978
57980
57991
57995
58001
58003
58007
58028
58059
58067
58083
58112
58115
58129
58135
58156
58160
58166
58190
58191
58192
58196
58197
58225
58237
58242
58243
58273
58301
58329
58337
58358
58364
58369
58399
58400
58418
58470
58498
58515
58525
58568
58572
58586
58596
58598
58651
58655
58663
58668
58691
58700
58714
58729
58740
58743
58765
58772
58774
58830
58852
58889
58901
58902
58906
58913
58920
58933
58943
58949
58976
58981
58987
58988
58991
59039
59059
59060
59089
59099
59110
59114
59135
59177
59187
59195
59197
59272
59287
59288
59314
59315
59316
59339
59376
59409
59412
59420
59429
59432
59436
59444
59459
59486
59493
59518
59525
59544
59550
59553
59557
59565
59628
59639
59648
59657
59678
59679
59718
59726
59733
59747
59761
59770
59823
59825
59838
59846
59860
59861
59864
59867
59869
59889
59893
59911
59923
59998
59999
60027
60029
60035
60054
60073
60079
60081
60090
60115
60128
60157
60189
60215
60219
60230
60241
60261
60315
60362
60385
60414
60429
60436
60447
60464
60487
60494
60519
60533
60543
60554
60567
60641
60646
60654
60662
60675
60711
60721
60753
60756
60763
60768
60807
60830
60837
60894
60904
60911
60943
60956
60973
61003
61013
61033
61037
61044
61051
61086
61106
61124
61180
61191
61217
61220
61268
61289
61411
61415
61423
61426
61451
61458
61459
61468
61502
61523
61574
61578
61588
61593
61594
61623
61627
61660
61697
61711
61735
61751
61754
61756
61782
61796
61806
61815
61831
61838
61856
61889
61911
61917
61970
61982
62012
62029
62037
62063
62082
62122
62150
62161
62190
62194
62220
62227
62242
62289
62291
62311
62318
62339
62341
62353
62354
62363
62364
62380
62403
62405
62414
62419
62431
62434
62441
62447
62453
62478
62501
62512
62514
62517
62529
62534
62545
62566
62567
62573
62575
62597
62652
62655
62691
62695
62747
62754
62761
62764
62766
62778
62784
62785
62834
62848
62872
62880
62932
62974
63038
63051
63054
63075
63085
63115
63123
63154
63163
63189
63201
63237
63253
63261
63271
63282
63285
63321
63348
63350
63353
63355
63377
63403
63434
63452
63504
63530
63535
63551
63575
63614
63620
63622
63630
63639
63652
63658
63661
63664
63683
63706
63720
63732
63738
63741
63745
63748
63749
63775
63796
63809
63825
63827
63862
63882
63886
63891
63896
63910
63959
63968
64008
64012
64046
64061
64069
64075
64097
64111
64115
64129
64135
64148
64179
64184
64185
64245
64255
64257
64263
64269
64284
64334
64349
64350
64392
64401
64420
64425
64438
64510
64527
64548
64549
64556
64560
64572
64576
64586
64587
64596
64604
64610
64628
64649
64713
64726
64739
64747
64751
64755
64762
64797
64832
64846
64856
64872
64879
64896
64926
64932
64938
64956
64992
65044
65046
65078
65100
65174
65181
65211
65218
65222
65256
65267
65271
65272
65308
65321
65328
65331
65372
65377
65391
65394
65403
65420
65426
65442
65472
65477
65485
65501
65511
65536
65566
65587
65590
65594
65616
65617
65622
65641
65661
65673
65677
65704
65712
65726
65772
65789
65797
65849
65862
65865
65889
65898
65902
65905
65907
65912
65913
65936
65947
65959
65965
65970
66009
66038
66072
66115
66128
66201
66248
66255
66270
66291
66299
66301
66306
66308
66323
66332
66333
66381
66394
66397
66400
66406
66409
66444
66511
66533
66545
66552
66561
66564
66587
66592
66595
66598
66601
66624
66644
66652
66668
66682
66689
66700
66713
66718
66759
66781
66789
66809
66818
66828
66830
66855
66856
66859
66872
66880
66914
66916
66918
66919
66935
66964
66979
67001
67067
67103
67123
67129
67130
67133
67138
67144
67146
67163
67164
67167
67183
67187
67204
67218
67232
67238
67261
67265
67302
67303
67308
67309
67323
67329
67331
67339
67353
67354
67359
67396
67407
67408
67422
67424
67430
67433
67445
67457
67544
67548
67573
67602
67626
67630
67642
67646
67655
67657
67660
67677
67704
67713
67715
67720
67730
67749
67818
67824
67836
67845
67871
67887
67914
67925
67930
67957
67960
67963
67988
68007
68019
68068
68076
68110
68116
68129
68152
68157
68165
68168
68169
68193
68198
68201
68208
68216
68224
68235
68241
68252
68269
68270
68282
68283
68285
68289
68298
68301
68317
68324
68327
68385
68392
68413
68438
68457
68459
68466
68467
68469
68473
68486
68489
68492
68495
68496
68499
68505
68506
68508
68575
68632
68655
68659
68663
68684
68687
68689
68704
68707
68726
68728
68730
68734
68741
68747
68749
68774
68795
68798
68811
68812
68818
68823
68827
68840
68856
68862
68884
68893
68919
68921
68945
68951
68957
68968
68975
69014
69015
69016
69030
69036
69037
69086
69090
69094
69096
69100
69102
69108
69111
69112
69114
69124
69128
69131
69155
69173
69187
69206
69222
69230
69238
69261
69273
69301
69309
69312
69343
69353
69374
69389
69400
69405
69415
69426
69433
69436
69442
69445
69448
69452
69453
69483
69494
69513
69514
69516
69541
69564
69589
69597
69619
69630
69636
69639
69640
69652
69658
69665
69677
69684
69686
69690
69692
69693
69721
69733
69737
69738
69747
69754
69755
69776
69794
69798
69809
69822
69825
69829
69835
69841
69864
69883
69891
69900
69904
69907
69908
69931
69987
69992
69995
69997
70002
70014
70032
70047
70053
70065
70090
70105
70109
70120
70123
70125
70126
70131
70144
70163
70168
70173
70179
70182
70189
70190
70192
70237
70245
70251
70264
70267
70268
70270
70271
70278
70290
70303
70311
70316
70317
70318
70321
70323
70331
70337
70340
70349
70368
70370
70375
70377
70394
70410
70433
70439
70447
70485
70500
70501
70517
70522
70528
70529
70532
70545
70558
70560
70561
70566
70579
70582
70608
70609
70611
70612
70618
70622
70629
70632
70634
70637
70639
70657
70658
70673
70686
70697
70717
70723
70738
70747
70754
70776
70798
70801
70802
70808
70809
70811
70820
70821
70827
70829
70830
70836
70837
70843
70851
70860
70878
70895
70916
70925
70929
70935
70943
70967
71011
71024
71034
71039
71043
71045
71058
71063
71076
71088
71090
71098
71102
71125
71140
71148
71149
71160
71161
71162
71175
71177
71178
71199
71215
71219
71222
71227
71233
71249
71254
71265
71270
71284
71286
71302
71315
71325
71328
71371
71393
71399
71402
71407
71408
71411
71414
71415
71420
71440
71452
71466
71472
71479
71487
71494
71511
71561
71566
71576
71580
71582
71587
71593
71621
71640
71658
71666
71676
71678
71717
71722
71742
71753
71759
71785
71788
71803
71807
71835
71838
71844
71868
71888
71893
71896
71898
71921
71929
71931
71933
71946
72005
72008
72017
72023
72025
72026
72040
72046
72047
72109
72125
72136
72140
72148
72151
72168
72203
72209
72211
72212
72218
72224
72250
72253
72258
72272
72279
72289
72300
72316
72350
72354
72364
72368
72369
72370
72372
72375
72377
72392
72428
72432
72442
72450
72463
72464
72465
72478
72487
72499
72519
72530
72538
72556
72557
72560
72565
72581
72593
72618
72620
72624
72627
72628
72650
72658
72673
72685
72689
72695
72717
72727
72733
72745
72746
72747
72749
72756
72791
72794
72795
72803
72804
72820
72825
72828
72829
72847
72848
72851
72862
72896
72897
72899
72900
72902
72913
72929
72951
72954
72963
72969
72971
72973
72974
72988
72989
73002
73014
73016
73024
73025
73030
73033
73044
73049
73050
73051
73064
73069
73070
73075
73078
73081
73082
73083
73086
73090
73091
73111
73116
73130
73150
73174
73175
73176
73178
73193
73196
73198
73232
73237
73252
73254
73270
73282
73288
73298
73300
73315
73317
73323
73357
73370
73372
73378
73391
73404
73408
73410
73439
73443
73446
73453
73471
73474
73478
73508
73514
73516
73523
73529
73540
73584
73601
73617
73622
73626
73633
73639
73660
73668
73678
73679
73691
73695
73697
73698
73699
73700
73713
73716
73717
73724
73725
73735
73776
73784
73785
73791
73806
73835
73849
73853
73861
73871
73875
73877
73878
73922
73929
73944
73977
73979
73984
74004
74045
74047
74050
74051
74054
74055
74060
74070
74081
74083
74101
74104
74111
74112
74119
74126
74140
74158
74161
74194
74206
74209
74210
74212
74216
74227
74249
74253
74262
74263
74267
74272
74273
74279
74280
74286
74296
74297
74298
74299
74301
74302
74327
74370
74391
74392
74414
74439
74441
74454
74476
74488
74490
74497
74504
74512
74521
74522
74525
74536
74547
74606
74613
74622
74638
74667
74677
74679
74681
74682
74713
74727
74738
74759
74762
74763
74776
74792
74793
74803
74810
74818
74838
74854
74855
74856
74858
74862
74884
74886
74887
74900
74901
74926
74940
74954
74963
74970
74979
74980
74984
74994
75001
75023
75030
75062
75075
75079
75081
75088
75089
75096
75105
75110
75112
75115
75139
75140
75166
75177
75178
75186
75199
75213
75247
75251
75253
75269
75273
75275
75293
75295
75299
75303
75312
75315
75323
75331
75335
75337
75351
75352
75353
75372
75380
75383
75395
75403
75407
75408
75413
75417
75419
75423
75440
75441
75444
75489
75492
75493
75494
75497
75498
75504
75514
75520
75522
75523
75530
75570
75575
75591
75593
75595
75597
75604
75613
75614
75622
75626
75628
75638
75640
75657
75665
75668
75670
75687
75717
75720
75743
75769
75771
75779
75791
75793
75815
75825
75829
75849
75865
75868
75877
75889
75919
75925
75938
75939
75945
75947
75960
75972
75992
75994
76002
76024
76028
76032
76035
76051
76055
76062
76079
76081
76082
76086
76094
76096
76105
76117
76124
76129
76135
76141
76145
76150
76185
76187
76203
76217
76236
76268
76288
76292
76297
76325
76326
76340
76348
76374
76378
76381
76389
76410
76412
76421
76422
76424
76453
76487
76495
76506
76508
76531
76532
76533
76564
76572
76587
76590
76603
76606
76609
76626
76648
76665
76671
76695
76712
76731
76755
76773
76790
76811
76825
76831
76880
76886
76892
76907
76917
76932
76934
76954
76955
76963
76970
76975
77000
77019
77031
77055
77061
77062
77073
77075
77083
77091
77096
77132
77142
77144
77156
77174
77180
77187
77205
77240
77269
77294
77313
77323
77350
77370
77374
77376
77383
77385
77392
77396
77415
77444
77448
77452
77463
77469
77472
77476
77488
77492
77501
77524
77525
77526
77531
77545
77575
77577
77598
77617
77638
77644
77657
77671
77676
77687
77709
77710
77717
77724
77730
77756
77779
77784
77791
77802
77803
77804
77815
77817
77830
77863
77865
77876
77912
77925
77926
77927
77977
78009
78018
78028
78032
78041
78061
78092
78108
78116
78120
78140
78146
78147
78156
78164
78173
78174
78194
78197
78221
78243
78248
78258
78286
78293
78298
78299
78305
78325
78326
78330
78337
78339
78341
78347
78379
78388
78418
78425
78480
78489
78507
78513
78521
78555
78560
78561
78572
78592
78603
78616
78623
78627
78632
78646
78652
78653
78657
78675
78677
78678
78687
78691
78721
78722
78725
78738
78743
78744
78774
78778
78784
78788
78789
78800
78813
78820
78831
78845
78848
78865
78868
78874
78876
78890
78902
78903
78915
78932
78938
78946
78947
78978
78990
78999
79000
79007
79010
79043
79056
79063
79065
79079
79080
79081
79082
79095
79099
79111
79118
79120
79121
79122
79126
79127
79128
79130
79143
79149
79164
79165
79168
79170
79176
79177
79184
79195
79200
79212
79216
79230
79241
79243
79252
79299
79321
79324
79339
79364
79365
79385
79386
79387
79393
79395
79396
79399
79412
79417
79425
79441
79447
79448
79454
79459
79472
79484
79493
79497
79502
79532
79542
79570
79576
79588
79597
79600
79605
79617
79629
79655
79672
79686
79687
79701
79702
79703
79722
79727
79729
79735
79745
79748
79765
79769
79773
79781
79792
79803
79826
79837
79842
79872
79873
79887
79892
79900
79911
79921
79935
79940
79947
79952
79960
79963
79972
79975
79989
80001
80010
80027
80047
80062
80065
80069
80071
80072
80095
80137
80187
80191
80208
80212
80215
80221
80223
80229
80234
80242
80246
80257
80299
80300
80303
80304
80314
80351
80358
80380
80384
80409
80412
80418
80454
80467
80468
80469
80479
80483
80499
80507
80518
80528
80529
80545
80561
80567
80573
80590
80603
80621
80624
80634
80638
80644
80677
80687
80697
80700
80710
80724
80750
80756
80760
80762
80789
80790
80794
80800
80811
80822
80859
80881
80905
80942
80965
80988
81013
81045
81050
81057
81062
81063
81069
81071
81073
81076
81078
81079
81121
81130
81137
81138
81146
81176
81179
81180
81199
81203
81207
81222
81245
81249
81260
81279
81284
81289
81294
81295
81302
81306
81308
81323
81327
81331
81352
81361
81363
81370
81372
81375
81384
81393
81397
81414
81415
81426
81428
81430
81447
81449
81457
81470
81478
81498
81506
81519
81531
81533
81544
81573
81574
81576
81578
81580
81582
81584
81589
81599
81607
81643
81652
81656
81669
81690
81694
81700
81706
81707
81712
81723
81743
81751
81755
81782
81788
81799
81815
81818
81819
81820
81822
81823
81829
81830
81834
81862
81870
81874
81893
81894
81896
81905
81906
81912
81913
81920
81932
81934
81947
81949
81950
81956
81970
81982
81984
81991
82015
82017
82020
82035
82036
82042
82057
82061
82087
82092
82174
82204
82206
82214
82226
82242
82260
82265
82283
82295
82297
82312
82315
82337
82344
82349
82353
82361
82365
82374
82401
82403
82423
82464
82473
82477
82480
82484
82485
82491
82507
82537
82538
82539
82542
82543
82545
82556
82567
82574
82595
82608
82613
82630
82640
82642
82646
82650
82662
82664
82668
82675
82678
82679
82691
82692
82708
82729
82735
82740
82741
82747
82755
82769
82805
82830
82834
82835
82837
82839
82840
82841
82852
82854
82860
82875
82880
82881
82897
82901
82914
82916
82935
82962
82967
82976
82990
83034
83037
83053
83064
83082
83086
83088
83100
83108
83113
83115
83117
83137
83153
83162
83165
83171
83173
83183
83187
83223
83233
83237
83238
83262
83275
83282
83286
83289
83295
83301
83305
83306
83310
83319
83322
83333
83335
83346
83347
83368
83370
83373
83374
83375
83382
83386
83392
83410
83425
83435
83441
83452
83453
83460
83462
83464
83467
83469
83478
83485
83497
83502
83511
83515
83522
83536
83543
83546
83548
83561
83584
83598
83607
83617
83622
83638
83645
83646
83662
83667
83669
83678
83680
83683
83692
83702
83705
83706
83708
83751
83754
83765
83766
83785
83786
83790
83818
83827
83828
83840
83846
83853
83855
83864
83867
83887
83893
83898
83900
83905
83913
83924
83940
83946
83963
83974
83982
83997
83999
84006
84013
84019
84025
84046
84053
84058
84060
84068
84078
84091
84107
84122
84125
84135
84139
84163
84170
84171
84178
84198
84217
84232
84238
84240
84248
84250
84251
84254
84264
84268
84277
84278
84296
84312
84325
84329
84336
84347
84364
84366
84373
84400
84408
84412
84415
84426
84432
84457
84461
84505
84510
84514
84515
84517
84519
84530
84540
84546
84554
84569
84571
84575
84586
84592
84598
84618
84630
84668
84682
84686
84696
84697
84699
84716
84722
84736
84741
84746
84750
84766
84774
84784
84785
84811
84812
84841
84849
84882
84888
84904
84906
84910
84917
84926
84930
84936
84940
84945
84948
84967
84975
84979
84990
84991
85009
85030
85035
85045
85050
85052
85076
85088
85097
85139
85150
85151
85154
85155
85160
85165
85167
85171
85173
85177
85198
85207
85218
85228
85233
85245
85247
85251
85258
85283
85285
85299
85300
85309
85311
85312
85314
85318
85325
85327
85332
85347
85364
85371
85374
85383
85393
85406
85408
85412
85445
85453
85464
85475
85505
85509
85516
85517
85561
85572
85580
85589
85591
85602
85605
85619
85638
85655
85664
85669
85670
85685
85714
85726
85728
85735
85741
85744
85754
85763
85793
85794
85795
85799
85814
85828
85839
85841
85847
85886
85894
85912
85925
85929
85949
85957
85975
85984
85996
86004
86017
86024
86027
86028
86032
86033
86066
86081
86093
86118
86125
86126
86127
86129
86147
86149
86175
86196
86206
86225
86238
86250
86251
86256
86267
86280
86292
86303
86313
86326
86348
86349
86350
86357
86366
86375
86376
86404
86432
86434
86465
86469
86477
86496
86506
86544
86604
86607
86632
86646
86681
86682
86714
86744
86745
86810
86823
86850
86868
86880
86882
86883
86886
86888
86898
86904
86907
86914
86924
86931
86933
86936
86939
86984
87001
87022
87026
87066
87096
87106
87134
87139
87151
87152
87154
87220
87248
87264
87280
87282
87283
87288
87292
87296
87330
87356
87359
87376
87386
87408
87436
87437
87460
87468
87505
87577
87589
87594
87613
87624
87628
87632
87633
87654
87663
87668
87684
87720
87721
87725
87780
87798
87816
87819
87857
87885
87906
87908
87924
87925
87928
87942
87944
87947
87955
87959
87964
87968
87975
87978
87994
88041
88042
88053
88061
88072
88102
88104
88109
88136
88139
88154
88163
88164
88171
88179
88181
88185
88210
88227
88243
88245
88266
88298
88312
88334
88358
88359
88360
88434
88439
88457
88458
88500
88507
88528
88537
88585
88610
88627
88631
88647
88655
88667
88670
88672
88711
88714
88746
88753
88758
88759
88768
88787
88802
88829
88845
88888
88889
88945
88947
88948
88985
89014
89023
89030
89054
89069
89076
89086
89119
89134
89160
89178
89193
89209
89210
89213
89240
89243
89259
89274
89292
89298
89304
89310
89330
89337
89340
89342
89347
89350
89358
89369
89384
89390
89391
89432
89451
89463
89467
89509
89515
89518
89519
89521
89523
89534
89642
89684
89706
89712
89732
89748
89761
89780
89786
89800
89804
89814
89823
89834
89848
89856
89859
89869
89877
89889
89890
89903
89909
89947
90036
90060
90080
90093
90099
90175
90199
90207
90261
90276
90304
90310
90318
90319
90323
90329
90338
90374
90397
90404
90416
90425
90476
90480
90486
90489
90544
90609
90613
90614
90622
90626
90650
90659
90685
90686
90695
90748
90756
90764
90797
90798
90799
90801
90808
90809
90813
90820
90833
90834
90861
90866
90942
90950
90954
90956
90960
91016
91027
91070
91076
91077
91152
91190
91194
91201
91243
91250
91293
91302
91316
91328
91336
91403
91420
91453
91463
91465
91494
91522
91528
91539
91540
91575
91582
91587
91593
91604
91616
91637
91650
91657
91666
91677
91689
91692
91718
91720
91725
91732
91741
91745
91749
91751
91769
91783
91787
91791
91802
91812
91823
91827
91832
91858
91867
91923
91926
91932
91936
91946
91953
91987
92001
92065
92070
92075
92077
92097
92112
92128
92157
92203
92212
92223
92288
92298
92324
92345
92363
92364
92367
92418
92431
92446
92453
92455
92465
92475
92500
92506
92514
92531
92582
92608
92616
92623
92645
92673
92704
92749
92750
92754
92764
92772
92784
92829
92870
92897
92917
92919
92929
92940
92992
93003
93042
93047
93067
93071
93094
93100
93139
93168
93171
93178
93186
93190
93195
93226
93266
93298
93320
93374
93375
93409
93425
93434
93443
93460
93461
93492
93519
93523
93568
93569
93597
93603
93616
93617
93635
93636
93662
93692
93697
93703
93712
93717
93718
93739
93789
93828
93846
93852
93906
93921
93930
93946
93964
94024
94050
94069
94081
94090
94100
94148
94165
94170
94182
94192
94209
94211
94217
94227
94229
94242
94252
94254
94257
94267
94285
94286
94307
94322
94335
94357
94358
94360
94390
94398
94415
94419
94449
94457
94459
94466
94483
94498
94526
94556
94598
94613
94617
94624
94627
94645
94664
94667
94671
94678
94679
94718
94719
94727
94792
94820
94826
94834
94843
94844
94855
94857
94859
94864
94870
94875
94891
94908
94910
94915
94932
94935
94938
94943
94987
94993
95070
95155
95172
95251
95268
95269
95283
95284
95288
95305
95307
95331
95344
95371
95384
95428
95438
95441
95448
95452
95463
95479
95497
95503
95518
95530
95539
95550
95562
95573
95581
95590
95609
95628
95740
95793
95794
95838
95898
95914
95919
95922
95946
95956
95969
95975
95982
96024
96031
96059
96060
96087
96099
96109
96137
96169
96182
96186
96293
96356
96373
96379
96439
96441
96460
96461
96478
96551
96568
96597
96618
96659
96685
96732
96739
96753
96767
96770
96774
96784
96793
96885
96905
96943
96960
96982
96986
97056
97063
97076
97140
97148
97155
97254
97266
97268
97272
97286
97298
97309
97318
97322
97323
97324
97329
97371
97394
97417
97461
97479
97526
97553
97563
97567
97582
97597
97648
97662
97667
97703
97705
97712
97714
97720
97739
97779
97784
97829
97836
97845
97848
97854
97857
97858
97875
97896
97911
97913
97938
97944
97948
97967
97969
97979
98003
98037
98076
98077
98091
98122
98133
98138
98160
98161
98170
98209
98215
98241
98251
98252
98274
98276
98298
98312
98390
98391
98421
98431
98432
98439
98445
98452
98489
98510
98521
98524
98548
98551
98552
98574
98608
98614
98635
98648
98716
98719
98791
98793
98795
98802
98815
98816
98899
98966
98976
98988
98998
99000
99034
99045
99051
99063
99070
99075
99079
99104
99146
99147
99167
99251
99290
99346
99363
99386
99417
99420
99463
99468
99496
99502
99504
99545
99567
99587
99590
99592
99615
99677
99696
99701
99715
99737
99779
99783
99788
99808
99821
99823
99836
99850
99852
99857
99862
99866
99871
99947
99951
99961
99966
99990
100002
100005
100023
100040
100049
100058
100060
100064
100072
100111
100150
100169
100192
100194
100216
100266
100279
100280
100332
100341
100355
100361
100362
100371
100387
100400
100401
100501
100600
100611
100614
100631
100644
100650
100678
100685
100754
100761
100785
100790
100840
100841
100842
100899
100900
100947
101034
101040
101065
101077
101087
101097
101120
101146
101204
101222
101231
101249
101284
101301
101311
101324
101340
101351
101355
101360
101365
101371
101391
101396
101406
101408
101411
101437
101459
101472
101475
101480
101495
101498
101501
101503
101526
101534
101570
101600
101609
101646
101663
101669
101671
101702
101732
101734
101785
101812
101830
101894
101910
101942
101951
101963
101984
101986
102043
102068
102078
102085
102091
102104
102108
102144
102227
102252
102264
102290
102292
102294
102318
102355
102357
102358
102375
102377
102437
102452
102470
102512
102536
102578
102629
102637
102640
102644
102652
102662
102676
102696
102711
102726
102757
102761
102767
102768
102784
102785
102792
102794
102809
102828
102874
102913
102959
102971
102990
102991
103018
103052
103117
103193
103220
103221
103243
103250
103294
103296
103299
103311
103316
103319
103321
103339
103350
103366
103381
103383
103386
103434
103441
103453
103462
103464
103475
103477
103490
103492
103497
103498
103512
103526
103538
103555
103571
103607
103621
103628
103634
103657
103659
103672
103704
103751
103767
103789
103815
103824
103911
103920
103925
103963
103972
103979
103993
104010
104022
104144
104162
104164
104174
104251
104256
104271
104274
104275
104276
104280
104289
104317
104323
104347
104360
104362
104368
104373
104388
104394
104478
104502
104510
104520
104521
104538
104542
104556
104564
104576
104597
104632
104634
104671
104674
104685
104744
104792
104794
104797
104799
104860
104861
104880
104882
104884
104902
104979
104994
105016
105027
105042
105066
105076
105162
105188
105194
105235
105261
105270
105278
105280
105281
105313
105317
105361
105421
105433
105472
105498
105515
105532
105549
105630
105631
105636
105667
105675
105677
105681
105693
105703
105724
105729
105736
105744
105757
105769
105777
105806
105829
105839
105853
105903
105929
105994
105998
106001
106008
106055
106135
106140
106145
106231
106271
106281
106292
106333
106350
106370
106413
106444
106534
106545
106555
106609
106645
106667
106686
106702
106706
106722
106781
106833
106874
106880
106886
106895
106922
106946
106955
106974
107001
107034
107040
107046
107074
107077
107124
107204
107248
107279
107335
107348
107368
107383
107384
107433
107527
107533
107544
107548
107564
107575
107626
107629
107631
107656
107662
107676
107690
107741
107783
107828
107834
107847
107879
107886
107904
107906
107911
107926
107993
107999
108010
108036
108054
108070
108081
108191
108199
108201
108202
108206
108213
108246
108251
108256
108258
108286
108292
108305
108320
108339
108357
108398
108424
108432
108433
108435
108487
108520
108526
108539
108562
108591
108606
108607
108613
108652
108672
108678
108692
108713
108749
108750
108760
108761
108767
108777
108780
108793
108801
108812
108825
108832
108846
108855
108863
108864
108885
108886
108901
108904
108905
108912
109001
109011
109023
109043
109132
109133
109152
109164
109208
109211
109249
109268
109347
109371
109376
109378
109400
109405
109406
109433
109435
109444
109446
109493
109499
109504
109523
109526
109535
109557
109566
109596
109632
109674
109723
109741
109746
109762
109763
109825
109849
109858
109870
109876
109897
109915
109917
109923
109939
109946
110060
110069
110083
110126
110257
110266
110306
110365
110369
110381
110385
110416
110435
110458
110460
110470
110476
110514
110519
110522
110541
110564
110566
110588
110593
110598
110607
110625
110657
110669
110717
110744
110771
110779
110796
110821
110903
110921
110925
110960
110980
110993
111006
111009
111013
111066
111071
111086
111108
111112
111118
111122
111130
111140
111170
111177
111178
111180
111233
111252
111257
111298
111310
111312
111337
111360
111361
111381
111420
111441
111505
111515
111529
111533
111536
111539
111547
111568
111571
111648
111710
111727
111736
111739
111745
111749
111824
111830
111843
111844
111854
111908
111943
111951
112000
112028
112052
112066
112073
112097
112115
112159
112182
112213
112215
112223
112299
112359
112365
112369
112389
112392
112449
112472
112508
112512
112521
112526
112535
112561
112598
112629
112637
112647
112649
112651
112664
112742
112772
112775
112863
112958
112981
112987
113002
113017
113039
113042
113096
113146
113203
113206
113287
113447
113448
113451
113461
113471
113505
113516
113549
113558
113563
113566
113576
113634
113643
113650
113653
113671
113719
113780
113824
113859
113906
113958
114001
114020
114026
114031
114052
114068
114077
114091
114140
114174
114175
114180
114199
114302
114327
114335
114342
114350
114368
114440
114449
114465
114543
114565
114647
114664
114673
114691
114742
114749
114757
114806
114809
114814
114816
114817
114825
114839
114852
114857
114955
114959
114971
114981
114998
115037
115047
115092
115104
115105
115170
115242
115334
115434
115452
115491
115525
115533
115542
115616
115619
115643
115674
115684
115699
115702
115820
115822
115859
115888
115892
115898
116003
116031
116038
116072
116088
116144
116180
116182
116185
116216
116223
116264
116271
116294
116312
116315
116327
116342
116368
116385
116391
116494
116517
116525
116531
116558
116591
116602
116604
116612
116628
116631
116661
116699
116709
116710
116736
116757
116759
116760
116762
116773
116809
116812
116840
116854
116864
116872
116884
116904
116919
116956
116971
116980
116993
117006
117015
117025
117053
117064
117094
117104
117109
117128
117157
117181
117183
117189
117215
117216
117241
117296
117305
117352
117358
117385
117416
117430
117448
117451
117454
117456
117466
117467
117470
117478
117479
117482
117489
117492
117495
117518
117546
117554
117589
117642
117646
117649
117650
117652
117662
117682
117687
117697
117802
117816
117824
117828
117843
117846
117853
117878
117886
117899
117901
117902
117903
117926
117932
117982
118070
118079
118121
118122
118125
118132
118180
118184
118186
118245
118267
118268
118285
118295
118317
118325
118349
118374
118424
118467
118473
118517
118521
118522
118556
118571
118591
118620
118625
118632
118660
118661
118666
118677
118680
118699
118704
118728
118772
118798
118862
118877
118919
118944
118946
118947
118950
118979
118991
118996
119041
119057
119217
119251
119330
119339
119447
119454
119505
119508
119528
119546
119715
119737
119797
119832
119839
119863
119898
119978
119983
120033
120058
120075
120113
120167
120229
120256
120275
120297
120304
120313
120351
120364
120447
120471
120479
120498
120508
120512
120516
120529
120533
120593
120603
120614
120619
120720
120732
120828
120837
120839
120881
120908
120912
120924
120928
120947
120962
120968
121127
121128
121157
121170
121173
121190
121211
121328
121331
121424
121473
121478
121492
121520
121557
121587
121591
121647
121649
121676
121680
121687
121691
121696
121699
121705
121713
121714
121718
121767
121795
121797
121801
121846
121866
121887
121898
121908
121922
121967
121975
121994
122109
122143
122194
122199
122202
122206
122220
122266
122275
122331
122342
122347
122411
122416
122458
122506
122512
122523
122526
122536
122559
122596
122611
122617
122639
122732
122775
122786
122795
122864
122865
122932
122936
122939
122942
122944
122946
122954
122992
123027
123039
123099
123102
123118
123151
123158
123202
123215
123333
123340
123343
123348
123366
123370
123371
123395
123421
123426
123477
123521
123527
123566
123697
123698
123790
123791
123824
123834
123854
123890
123899
123904
123925
123991
124001
124065
124077
124095
124111
124117
124119
124130
124131
124132
124152
124191
124246
124270
124299
124381
124385
124397
124477
124496
124517
124519
124537
124565
124566
124574
124589
124614
124624
124664
124669
124677
124744
124783
124805
124812
124853
124854
124879
124887
124892
124912
