eta[0]   eta[1]   eta[2]   eta[3]   negative_log_lik
 0.74809899999999995845456624010694   -0.35176400000000002110667196575378    0.23856199999999999628030877829588    0.44883800000000001473310362598568    1118.05763754595341197273228317499161
 0.39109518381658953112278709340899    0.02416374550300010026759878201119    1.07302015262480265889166730630677    0.21430400052547760036958379714633    1814.93757558957486253348179161548615
 0.70736342848714739428572784163407   -0.30886913202823707003119579894701    0.33377703191233981661056873235793    0.42207672722166800216569981785142    1180.75050434468630555784329771995544
 0.74298903703987762003890793494065   -0.34638316996927637214653827868460    0.25050599067570250566561185223691    0.44548100493194603410884724326024    1125.69070179185359847906511276960373
 0.74745059079068021379299580075894   -0.35108122014955234213573476154124    0.24007758702295750596888979089272    0.44841202694799275896286872011842    1119.02255436224936602229718118906021
 0.74801660350325815951322283581248   -0.35167723585952492815209780019359    0.23875459297894613408530517517647    0.44878386954243199014058518514503    1118.18019537660302376025356352329254
 0.74808852755560528713374424114591   -0.35175297243605607722116701552295    0.23858647821621764562038947588007    0.44883112011760989412678668486478    1118.07321347274114486936014145612717
 0.74809766894036655582311823309283   -0.35176259838403839408371709396306    0.23856511120921511381887114566780    0.44883712555909710539836510179157    1118.05961724867734119470696896314621
 0.74809883082029982048766214575153   -0.35176382185248339373728754253534    0.23856239543941454295250537143147    0.44883788885723369110891667332908    1118.05788916892879569786600768566132
 0.74809897849699513727728117373772   -0.35176397735717174208858182282711    0.23856205026096874433072514420928    0.44883798587358036957795093258028    1118.05766952762587607139721512794495
 0.74809899726693429578006089286646   -0.35176399712206102288192255400645    0.23856200638824795468018180599756    0.44883799820450992479337060103717    1118.05764161088245600694790482521057
 0.74809899965262327548032317281468   -0.35176399963420973415750836466032    0.23856200081195566564673526954721    0.44883799977179061890808497992111    1118.05763806260756609844975173473358
 0.74809899995584772103285331468214   -0.35176399995350737803789797908394    0.23856200010320108284567197642900    0.44883799997099416145829309243709    1118.05763761162984337715897709131241
 0.74809899999438844719890084888902   -0.35176399999409102559155826384085    0.23856200001311636538225968706683    0.44883799999631351917983579369320    1118.05763755430689343484118580818176
 0.74809899999928697322815196457668   -0.35176399999924923278626920364331    0.23856200000166652430699798514979    0.44883799999953161163901427244127    1118.05763754702252299466636031866074
 0.74809899999990958630036175236455   -0.35176399999990487499346158983826    0.23856200000021113294401686744095    0.44883799999994067331243741136859    1118.05763754609051829902455210685730
 0.74809899999998852315741260099458   -0.35176399999998803069800601406314    0.23856200000002661387732416642393    0.44883799999999252072768740617903    1118.05763754597455772454850375652313
 0.74809899999999862618693668991909   -0.35176399999999863332789118430810    0.23856200000000307714920211310528    0.44883799999999912655468392586045    1118.05763754595614045683760195970535
 0.74809899999999984743226377759129   -0.35176399999999985457321827198029    0.23856200000000032934721616584284    0.44883799999999990371080116347002    1118.05763754595386672008316963911057
 0.74809899999999995845456624010694   -0.35176400000000002110667196575378    0.23856200000000002403588439392479    0.44883800000000001473310362598568    1118.05763754595341197273228317499161
 0.74809899999999995845456624010694   -0.35176400000000002110667196575378    0.23856200000000005179146000955370    0.44883800000000001473310362598568    1118.05763754595341197273228317499161
 0.74809899999999984743226377759129   -0.35176399999999991008436950323812    0.23856200000000019056933808769827    0.44883799999999995922195239472785    1118.05763754595363934640772640705109
 0.74809899999999995845456624010694   -0.35176399999999996559552073449595    0.23856200000000005179146000955370    0.44883800000000001473310362598568    1118.05763754595341197273228317499161
 0.74809899999999995845456624010694   -0.35176399999999996559552073449595    0.23856200000000007954703562518262    0.44883800000000001473310362598568    1118.05763754595341197273228317499161
 0.74809899999999984743226377759129   -0.35176399999999996559552073449595    0.23856200000000013505818685644044    0.44883799999999995922195239472785    1118.05763754595363934640772640705109
 0.74809899999999995845456624010694   -0.35176399999999996559552073449595    0.23856200000000007954703562518262    0.44883800000000001473310362598568    1118.05763754595341197273228317499161
 0.74809899999999995845456624010694   -0.35176399999999996559552073449595    0.23856200000000007954703562518262    0.44883800000000001473310362598568    1118.05763754595341197273228317499161
 0.74809899999999995845456624010694   -0.35176399999999996559552073449595    0.23856200000000010730261124081153    0.44883799999999995922195239472785    1118.05763754595341197273228317499161
 0.74809899999999995845456624010694   -0.35176399999999996559552073449595    0.23856200000000010730261124081153    0.44883799999999995922195239472785    1118.05763754595341197273228317499161
 0.74809899999999995845456624010694   -0.35176399999999996559552073449595    0.23856200000000010730261124081153    0.44883799999999995922195239472785    1118.05763754595341197273228317499161
 0.74809899999999995845456624010694   -0.35176399999999996559552073449595    0.23856200000000010730261124081153    0.44883799999999995922195239472785    1118.05763754595341197273228317499161
 0.74809899999999995845456624010694   -0.35176399999999996559552073449595    0.23856200000000013505818685644044    0.44883799999999995922195239472785    1118.05763754595341197273228317499161
 0.74809899999999995845456624010694   -0.35176399999999996559552073449595    0.23856200000000013505818685644044    0.44883799999999995922195239472785    1118.05763754595341197273228317499161
 0.74809899999999984743226377759129   -0.35176399999999996559552073449595    0.23856200000000013505818685644044    0.44883799999999995922195239472785    1118.05763754595363934640772640705109
 0.74809899999999995845456624010694   -0.35176399999999996559552073449595    0.23856200000000013505818685644044    0.44883799999999995922195239472785    1118.05763754595341197273228317499161
 0.74809899999999995845456624010694   -0.35176399999999996559552073449595    0.23856200000000013505818685644044    0.44883799999999995922195239472785    1118.05763754595341197273228317499161
 0.74809899999999995845456624010694   -0.35176399999999996559552073449595    0.23856200000000013505818685644044    0.44883799999999995922195239472785    1118.05763754595341197273228317499161
 0.74809899999999995845456624010694   -0.35176399999999996559552073449595    0.23856200000000013505818685644044    0.44883799999999995922195239472785    1118.05763754595341197273228317499161
 0.74809899999999995845456624010694   -0.35176399999999996559552073449595    0.23856200000000013505818685644044    0.44883799999999995922195239472785    1118.05763754595341197273228317499161
 0.74809899999999984743226377759129   -0.35176399999999996559552073449595    0.23856200000000013505818685644044    0.44883799999999995922195239472785    1118.05763754595363934640772640705109
 0.74809899999999995845456624010694   -0.35176399999999996559552073449595    0.23856200000000013505818685644044    0.44883799999999995922195239472785    1118.05763754595341197273228317499161
 0.74809899999999995845456624010694   -0.35176399999999996559552073449595    0.23856200000000013505818685644044    0.44883799999999995922195239472785    1118.05763754595341197273228317499161
 0.74809899999999995845456624010694   -0.35176399999999996559552073449595    0.23856200000000013505818685644044    0.44883799999999995922195239472785    1118.05763754595341197273228317499161
 0.74809899999999995845456624010694   -0.35176399999999996559552073449595    0.23856200000000013505818685644044    0.44883799999999995922195239472785    1118.05763754595341197273228317499161
 0.74809899999999995845456624010694   -0.35176399999999996559552073449595    0.23856200000000013505818685644044    0.44883799999999995922195239472785    1118.05763754595341197273228317499161
 0.74809899999999995845456624010694   -0.35176399999999996559552073449595    0.23856200000000013505818685644044    0.44883799999999995922195239472785    1118.05763754595341197273228317499161
 0.74809899999999995845456624010694   -0.35176399999999996559552073449595    0.23856200000000013505818685644044    0.44883799999999995922195239472785    1118.05763754595341197273228317499161
 0.74809899999999995845456624010694   -0.35176399999999996559552073449595    0.23856200000000013505818685644044    0.44883799999999995922195239472785    1118.05763754595341197273228317499161
 0.74809899999999984743226377759129   -0.35176399999999996559552073449595    0.23856200000000013505818685644044    0.44883799999999995922195239472785    1118.05763754595363934640772640705109
 0.74809899999999995845456624010694   -0.35176399999999996559552073449595    0.23856200000000013505818685644044    0.44883799999999995922195239472785    1118.05763754595341197273228317499161
 0.74809899999999995845456624010694   -0.35176399999999996559552073449595    0.23856200000000013505818685644044    0.44883799999999995922195239472785    1118.05763754595341197273228317499161
 0.74809899999999995845456624010694   -0.35176399999999996559552073449595    0.23856200000000013505818685644044    0.44883799999999995922195239472785    1118.05763754595341197273228317499161
 0.74809899999999995845456624010694   -0.35176399999999996559552073449595    0.23856200000000013505818685644044    0.44883799999999995922195239472785    1118.05763754595341197273228317499161
 0.74809899999999995845456624010694   -0.35176399999999996559552073449595    0.23856200000000013505818685644044    0.44883799999999995922195239472785    1118.05763754595341197273228317499161
 0.74809899999999984743226377759129   -0.35176399999999996559552073449595    0.23856200000000013505818685644044    0.44883799999999995922195239472785    1118.05763754595363934640772640705109
 0.74809899999999995845456624010694   -0.35176399999999996559552073449595    0.23856200000000013505818685644044    0.44883799999999995922195239472785    1118.05763754595341197273228317499161
 0.74809899999999995845456624010694   -0.35176399999999996559552073449595    0.23856200000000013505818685644044    0.44883799999999995922195239472785    1118.05763754595341197273228317499161
 0.74809899999999984743226377759129   -0.35176399999999996559552073449595    0.23856200000000013505818685644044    0.44883799999999995922195239472785    1118.05763754595363934640772640705109
 0.74809899999999995845456624010694   -0.35176399999999996559552073449595    0.23856200000000013505818685644044    0.44883799999999995922195239472785    1118.05763754595341197273228317499161
 0.74809899999999995845456624010694   -0.35176399999999996559552073449595    0.23856200000000013505818685644044    0.44883799999999995922195239472785    1118.05763754595341197273228317499161
 0.74809899999999995845456624010694   -0.35176399999999996559552073449595    0.23856200000000013505818685644044    0.44883799999999995922195239472785    1118.05763754595341197273228317499161
 0.74809899999999995845456624010694   -0.35176399999999996559552073449595    0.23856200000000013505818685644044    0.44883799999999995922195239472785    1118.05763754595341197273228317499161
 0.74809899999999995845456624010694   -0.35176399999999996559552073449595    0.23856200000000013505818685644044    0.44883799999999995922195239472785    1118.05763754595341197273228317499161
 0.74809899999999984743226377759129   -0.35176399999999996559552073449595    0.23856200000000013505818685644044    0.44883799999999995922195239472785    1118.05763754595363934640772640705109
 0.74809899999999995845456624010694   -0.35176399999999996559552073449595    0.23856200000000013505818685644044    0.44883799999999995922195239472785    1118.05763754595341197273228317499161
 0.74809899999999995845456624010694   -0.35176399999999996559552073449595    0.23856200000000013505818685644044    0.44883799999999995922195239472785    1118.05763754595341197273228317499161
 0.74809899999999995845456624010694   -0.35176399999999996559552073449595    0.23856200000000013505818685644044    0.44883799999999995922195239472785    1118.05763754595341197273228317499161
 0.74809899999999995845456624010694   -0.35176399999999996559552073449595    0.23856200000000013505818685644044    0.44883799999999995922195239472785    1118.05763754595341197273228317499161
 0.74809899999999995845456624010694   -0.35176399999999996559552073449595    0.23856200000000013505818685644044    0.44883799999999995922195239472785    1118.05763754595341197273228317499161
 0.74809899999999984743226377759129   -0.35176399999999996559552073449595    0.23856200000000013505818685644044    0.44883799999999995922195239472785    1118.05763754595363934640772640705109
 0.74809899999999995845456624010694   -0.35176399999999996559552073449595    0.23856200000000013505818685644044    0.44883799999999995922195239472785    1118.05763754595341197273228317499161
 0.74809899999999995845456624010694   -0.35176399999999996559552073449595    0.23856200000000013505818685644044    0.44883799999999995922195239472785    1118.05763754595341197273228317499161
 0.74809899999999995845456624010694   -0.35176399999999996559552073449595    0.23856200000000013505818685644044    0.44883799999999995922195239472785    1118.05763754595341197273228317499161
 0.74809899999999995845456624010694   -0.35176399999999996559552073449595    0.23856200000000013505818685644044    0.44883799999999995922195239472785    1118.05763754595341197273228317499161
 0.74809899999999995845456624010694   -0.35176399999999996559552073449595    0.23856200000000013505818685644044    0.44883799999999995922195239472785    1118.05763754595341197273228317499161
 0.74809899999999984743226377759129   -0.35176399999999996559552073449595    0.23856200000000013505818685644044    0.44883799999999995922195239472785    1118.05763754595363934640772640705109
 0.74809899999999995845456624010694   -0.35176399999999996559552073449595    0.23856200000000013505818685644044    0.44883799999999995922195239472785    1118.05763754595341197273228317499161
 0.74809899999999995845456624010694   -0.35176399999999996559552073449595    0.23856200000000013505818685644044    0.44883799999999995922195239472785    1118.05763754595341197273228317499161
 0.74809899999999984743226377759129   -0.35176399999999996559552073449595    0.23856200000000013505818685644044    0.44883799999999995922195239472785    1118.05763754595363934640772640705109
 0.74809899999999995845456624010694   -0.35176399999999996559552073449595    0.23856200000000013505818685644044    0.44883799999999995922195239472785    1118.05763754595341197273228317499161
 0.74809899999999995845456624010694   -0.35176399999999996559552073449595    0.23856200000000013505818685644044    0.44883799999999995922195239472785    1118.05763754595341197273228317499161
 0.74809899999999995845456624010694   -0.35176399999999996559552073449595    0.23856200000000013505818685644044    0.44883799999999995922195239472785    1118.05763754595341197273228317499161
 0.74809899999999995845456624010694   -0.35176399999999996559552073449595    0.23856200000000013505818685644044    0.44883799999999995922195239472785    1118.05763754595341197273228317499161
 0.74809899999999995845456624010694   -0.35176399999999996559552073449595    0.23856200000000013505818685644044    0.44883799999999995922195239472785    1118.05763754595341197273228317499161
 0.74809899999999995845456624010694   -0.35176399999999996559552073449595    0.23856200000000013505818685644044    0.44883799999999995922195239472785    1118.05763754595341197273228317499161
 0.74809899999999995845456624010694   -0.35176399999999996559552073449595    0.23856200000000013505818685644044    0.44883799999999995922195239472785    1118.05763754595341197273228317499161
 0.74809899999999995845456624010694   -0.35176399999999996559552073449595    0.23856200000000013505818685644044    0.44883799999999995922195239472785    1118.05763754595341197273228317499161
 0.74809899999999995845456624010694   -0.35176399999999996559552073449595    0.23856200000000013505818685644044    0.44883799999999995922195239472785    1118.05763754595341197273228317499161
 0.74809899999999995845456624010694   -0.35176399999999996559552073449595    0.23856200000000013505818685644044    0.44883799999999995922195239472785    1118.05763754595341197273228317499161
 0.74809899999999995845456624010694   -0.35176399999999996559552073449595    0.23856200000000013505818685644044    0.44883799999999995922195239472785    1118.05763754595341197273228317499161
 0.74809899999999995845456624010694   -0.35176399999999996559552073449595    0.23856200000000013505818685644044    0.44883799999999995922195239472785    1118.05763754595341197273228317499161
 0.74809899999999995845456624010694   -0.35176399999999996559552073449595    0.23856200000000013505818685644044    0.44883799999999995922195239472785    1118.05763754595341197273228317499161
 0.74809899999999995845456624010694   -0.35176399999999996559552073449595    0.23856200000000013505818685644044    0.44883799999999995922195239472785    1118.05763754595341197273228317499161
 0.74809899999999984743226377759129   -0.35176399999999996559552073449595    0.23856200000000013505818685644044    0.44883799999999995922195239472785    1118.05763754595363934640772640705109
 0.74809899999999995845456624010694   -0.35176399999999996559552073449595    0.23856200000000013505818685644044    0.44883799999999995922195239472785    1118.05763754595341197273228317499161
 0.74809899999999995845456624010694   -0.35176399999999996559552073449595    0.23856200000000013505818685644044    0.44883799999999995922195239472785    1118.05763754595341197273228317499161
 0.74809899999999984743226377759129   -0.35176399999999996559552073449595    0.23856200000000013505818685644044    0.44883799999999995922195239472785    1118.05763754595363934640772640705109
 0.74809899999999995845456624010694   -0.35176399999999996559552073449595    0.23856200000000013505818685644044    0.44883799999999995922195239472785    1118.05763754595341197273228317499161
 0.39109518381658953112278709340899    0.02416374550300010026759878201119    1.07302015262480265889166730630677    0.21430400052547760036958379714633    1814.93757558957486253348179161548615
 0.64051210810455594391044087387854   -0.23847418100503800508782603628788    0.49003482742656678805559522515978    0.37815868817351738773169245177996    1292.90049042939631362969521433115005
 0.71844634089770120777274087231490   -0.32053952345611536056679824469029    0.30787191214448283993476707109949    0.42935765716034857142346936598187    1163.27460489364329987438395619392395
 0.73963473553473491062248967864434   -0.34285106486170019435277822594799    0.25834631089202758635892109850829    0.44327739334074561794452051799453    1130.73711246892594317614566534757614
 0.74568196567490518944509858556557   -0.34921884439256123400241449417081    0.24421155864985244487996851603384    0.44725012698174509973014778552169    1121.65989102025127976958174258470535
 0.74740770253190791372333023900865   -0.35103605848545260670334755559452    0.24017783373058926299492554790049    0.44838385146525455704491491815133    1119.08641503858075338939670473337173
 0.74790123778369443918734305043472   -0.35155575487557477742939227027819    0.23902424798222457469343282809859    0.44870807992230749006168366577185    1118.35182091430260697961784899234772
 0.74804241973652607633482602977892   -0.35170442055035971984366938158928    0.23869425030095800521756643775007    0.44880082954163991182383597333683    1118.14179406770585956110153347253799
 0.74808281187611991303043623702251   -0.35174695378189729799700558032782    0.23859983800434364509257534336939    0.44882736519648958051220688503236    1118.08171466155567941314075142145157
 0.74809436839732124102653187946999   -0.35175912288699967556127035095415    0.23857282587479400337571178170037    0.44883495726417765858684560953407    1118.06452620959726118599064648151398
 0.74809767484422051708747858356219   -0.35176260460084179948481164501572    0.23856509740958917187292342987348    0.44883712943763964808852051646682    1118.05960846778793893463443964719772
 0.74809862085718559221447776508285   -0.35176360075972029628488257912977    0.23856288620568785741049566695438    0.44883775092176442234048749924114    1118.05820144965969120676163583993912
Time of eta optimization using conjugate gradient:  603.173527627001
