3003
3778
3590
3652
3766
3908
3950
4053
4130
4148
4477
84
632
1524
2039
2200
2375
2496
2511
2973
3439
3612
3613
3646
3654
3656
3690
3716
3720
3721
3782
3804
3823
3882
3891
3905
3922
3940
3956
3957
3978
3988
3989
4050
4070
4078
4095
4099
4109
4121
4177
4183
4199
4240
4260
4266
4294
4308
4323
4336
4376
4402
4449
4509
4543
4597
4608
4624
13
48
76
116
119
186
200
328
488
567
570
582
589
600
610
616
623
657
677
678
710
730
765
769
793
801
854
862
869
878
881
926
1004
1082
1138
1144
1204
1286
1309
1311
1333
1355
1393
1429
1442
1456
1512
1543
1624
1663
1694
1706
1708
1809
2057
2088
2255
2354
2367
2512
2548
2599
2734
2736
2754
2770
2820
2832
2906
2910
2911
2969
3046
3092
3128
3163
3187
3196
3212
3214
3218
3266
3456
3510
3511
3552
3559
3592
3617
3627
3629
3635
3638
3639
3650
3660
3662
3665
3674
3676
3681
3684
3696
3698
3700
3709
3724
3734
3735
3737
3745
3751
3753
3754
3759
3761
3762
3767
3768
3774
3779
3781
3791
3798
3806
3808
3817
3818
3821
3829
3832
3838
3860
3865
3872
3879
3904
3912
3920
3921
3926
3933
3937
3938
3941
3947
3965
3966
3974
3982
3992
3999
4004
4011
4016
4040
4041
4043
4045
4052
4058
4064
4076
4084
4090
4106
4113
4114
4134
4136
4138
4146
4151
4155
4158
4161
4163
4166
4172
4188
4209
4213
4215
4226
4234
4243
4255
4261
4278
4281
4286
4288
4296
4298
4303
4306
4307
4313
4322
4329
4330
4333
4334
4337
4341
4344
4373
4396
4397
4407
4412
4415
4428
4430
4432
4438
4447
4451
4454
4458
4459
4462
4463
4479
4494
4495
4500
4502
4508
4510
4516
4523
4526
4531
4540
4546
4549
4559
4561
4566
4567
4568
4570
4574
4587
4595
4604
3
4
6
7
9
10
12
15
25
26
28
31
34
35
36
37
40
42
43
44
45
46
49
52
54
55
58
61
63
65
66
67
68
69
70
71
72
73
74
75
83
86
88
89
91
93
95
97
99
100
102
103
104
105
108
109
110
115
118
120
121
123
128
130
131
132
134
139
140
144
147
149
150
151
152
154
156
157
158
159
160
162
168
169
170
171
177
178
179
180
182
183
184
190
191
192
193
199
202
203
204
207
210
211
217
218
219
221
223
224
230
232
235
236
237
239
241
245
247
248
255
261
264
265
274
278
280
281
282
283
284
285
287
288
291
295
296
297
298
303
304
307
308
309
317
324
329
333
339
341
342
346
347
350
352
357
358
360
361
364
366
368
369
370
371
374
375
377
380
383
385
390
392
393
397
398
400
407
408
411
412
414
415
416
417
418
422
424
429
430
431
432
433
434
436
440
441
443
445
446
450
453
461
463
466
467
468
470
471
473
476
478
479
481
482
486
493
494
497
498
499
503
512
514
516
518
519
520
527
529
531
537
538
545
546
547
549
554
555
556
560
563
566
571
573
578
579
580
583
586
588
590
594
596
598
599
602
603
605
608
613
619
620
624
625
626
627
629
634
636
637
639
645
646
648
650
651
654
656
661
664
668
670
671
672
675
676
679
680
681
683
684
687
692
693
694
695
696
698
699
701
704
705
706
708
709
712
713
714
717
719
723
724
726
731
732
734
736
738
742
743
746
748
750
751
753
755
757
759
763
764
766
767
768
771
773
774
776
777
781
782
785
789
790
791
792
794
795
798
800
803
804
805
808
812
813
814
817
818
819
823
824
826
830
831
835
836
839
841
848
849
858
859
860
867
868
874
875
876
879
880
883
886
888
889
891
893
894
895
899
901
905
907
909
912
914
915
917
923
924
925
928
929
931
932
933
936
937
939
940
941
943
944
945
947
953
955
958
959
962
964
967
970
971
972
974
975
976
979
983
985
986
987
993
997
1000
1001
1003
1005
1006
1008
1011
1012
1015
1018
1024
1025
1026
1027
1028
1029
1030
1031
1032
1033
1034
1035
1036
1037
1038
1039
1040
1041
1049
1051
1055
1056
1057
1059
1061
1062
1063
1064
1066
1067
1071
1073
1076
1080
1083
1084
1086
1087
1090
1093
1097
1099
1101
1103
1105
1108
1113
1118
1120
1121
1125
1131
1135
1139
1140
1146
1147
1150
1153
1156
1157
1158
1161
1162
1163
1171
1173
1175
1176
1177
1178
1179
1180
1182
1183
1188
1193
1194
1195
1206
1210
1211
1213
1215
1219
1221
1222
1223
1225
1226
1230
1231
1232
1238
1243
1247
1252
1254
1256
1258
1259
1262
1263
1264
1265
1269
1274
1275
1279
1280
1281
1287
1288
1289
1291
1294
1295
1304
1306
1315
1318
1321
1323
1325
1328
1330
1332
1335
1337
1339
1341
1342
1344
1349
1354
1357
1358
1359
1360
1362
1363
1367
1368
1377
1378
1379
1382
1383
1385
1386
1388
1389
1395
1396
1397
1398
1399
1400
1401
1405
1412
1413
1414
1415
1416
1417
1421
1427
1428
1431
1432
1435
1437
1438
1443
1444
1445
1447
1448
1449
1457
1458
1459
1462
1463
1465
1473
1475
1479
1480
1481
1483
1484
1485
1487
1488
1489
1490
1492
1493
1495
1500
1501
1504
1510
1511
1513
1516
1520
1522
1523
1527
1528
1533
1534
1538
1539
1540
1541
1542
1544
1547
1549
1555
1557
1560
1561
1564
1566
1569
1572
1573
1575
1578
1580
1582
1586
1587
1593
1594
1595
1597
1598
1599
1600
1601
1603
1604
1605
1606
1607
1608
1610
1612
1615
1616
1620
1622
1623
1625
1626
1627
1628
1630
1634
1635
1636
1637
1638
1639
1641
1647
1648
1651
1652
1653
1654
1657
1658
1659
1664
1669
1671
1675
1677
1680
1681
1683
1686
1687
1689
1696
1697
1702
1709
1718
1721
1727
1729
1732
1735
1737
1740
1744
1745
1746
1747
1748
1749
1751
1752
1755
1756
1758
1761
1762
1765
1766
1772
1776
1777
1784
1786
1789
1794
1796
1799
1805
1810
1816
1817
1818
1821
1822
1824
1827
1830
1832
1833
1835
1837
1838
1840
1844
1845
1846
1847
1848
1849
1850
1852
1856
1857
1863
1866
1870
1871
1874
1875
1879
1881
1888
1890
1891
1894
1896
1897
1898
1900
1901
1904
1910
1914
1915
1916
1917
1919
1927
1930
1931
1932
1933
1934
1936
1938
1940
1941
1942
1945
1949
1950
1951
1954
1956
1957
1960
1962
1963
1964
1969
1973
1975
1977
1979
1981
1982
1985
1987
1988
1990
1992
1993
1994
1997
1998
2000
2001
2005
2007
2010
2015
2017
2018
2019
2020
2021
2022
2025
2026
2027
2030
2033
2034
2035
2037
2040
2044
2045
2046
2047
2050
2051
2053
2054
2056
2058
2059
2062
2063
2066
2068
2069
2072
2073
2074
2075
2076
2077
2078
2080
2081
2083
2093
2094
2103
2108
2109
2110
2115
2116
2117
2118
2119
2121
2123
2124
2131
2135
2136
2138
2139
2140
2141
2143
2147
2153
2154
2156
2160
2161
2162
2163
2165
2167
2168
2170
2171
2174
2177
2178
2179
2180
2181
2182
2184
2187
2191
2193
2194
2195
2196
2197
2198
2201
2204
2205
2206
2208
2216
2218
2219
2220
2221
2222
2223
2225
2226
2227
2228
2229
2233
2234
2235
2236
2237
2238
2240
2241
2242
2243
2244
2245
2246
2249
2251
2252
2256
2260
2262
2264
2272
2273
2274
2276
2277
2279
2280
2281
2285
2286
2290
2294
2295
2296
2301
2302
2304
2308
2312
2313
2314
2315
2316
2318
2319
2320
2322
2323
2326
2327
2331
2333
2334
2340
2343
2346
2348
2349
2350
2360
2363
2364
2365
2368
2369
2371
2374
2379
2380
2382
2386
2388
2391
2394
2406
2408
2410
2411
2412
2417
2418
2420
2422
2423
2426
2431
2433
2434
2435
2436
2440
2441
2450
2454
2456
2458
2459
2460
2463
2466
2467
2471
2473
2474
2475
2479
2480
2482
2486
2487
2488
2491
2493
2498
2499
2500
2502
2503
2504
2508
2517
2525
2526
2529
2531
2533
2536
2537
2538
2541
2544
2547
2549
2551
2553
2561
2562
2565
2567
2568
2569
2571
2573
2574
2575
2576
2582
2583
2584
2585
2586
2587
2588
2589
2590
2591
2592
2593
2597
2598
2601
2605
2610
2611
2613
2615
2616
2618
2619
2622
2623
2627
2629
2630
2635
2636
2637
2639
2642
2643
2645
2646
2647
2650
2658
2659
2660
2662
2664
2668
2670
2671
2677
2680
2681
2682
2684
2685
2688
2691
2693
2695
2697
2698
2699
2702
2703
2704
2705
2706
2707
2708
2710
2712
2713
2715
2717
2720
2721
2722
2724
2725
2726
2729
2741
2743
2744
2747
2752
2753
2755
2761
2762
2763
2764
2765
2766
2767
2768
2769
2771
2773
2774
2776
2779
2782
2787
2788
2797
2798
2799
2801
2804
2805
2809
2810
2812
2814
2815
2819
2821
2824
2830
2831
2833
2834
2837
2842
2847
2853
2854
2856
2857
2858
2862
2867
2868
2869
2871
2875
2882
2883
2884
2888
2890
2891
2892
2893
2898
2900
2901
2902
2905
2916
2917
2919
2923
2924
2926
2927
2930
2931
2933
2935
2936
2941
2943
2945
2946
2948
2949
2950
2953
2954
2955
2957
2958
2959
2962
2964
2965
2968
2977
2978
2979
2980
2983
2984
2985
2986
2988
2989
2996
2998
3001
3002
3005
3006
3007
3009
3010
3011
3013
3015
3019
3021
3023
3025
3026
3029
3031
3033
3034
3035
3038
3039
3041
3042
3043
3044
3047
3049
3050
3055
3059
3063
3064
3065
3066
3067
3068
3069
3072
3073
3074
3077
3078
3080
3081
3084
3087
3088
3090
3095
3096
3097
3098
3100
3107
3108
3109
3110
3111
3118
3124
3126
3127
3129
3130
3131
3133
3134
3136
3137
3138
3145
3146
3147
3150
3152
3153
3155
3158
3161
3165
3166
3167
3168
3171
3172
3174
3176
3178
3179
3181
3182
3183
3184
3186
3188
3190
3191
3195
3198
3201
3203
3204
3205
3206
3207
3208
3210
3213
3215
3217
3219
3223
3226
3227
3228
3229
3232
3236
3237
3238
3239
3240
3241
3242
3244
3252
3260
3261
3265
3267
3268
3270
3272
3273
3274
3276
3277
3278
3281
3284
3285
3287
3288
3291
3292
3293
3295
3297
3299
3302
3304
3305
3306
3307
3309
3311
3312
3314
3315
3317
3324
3328
3331
3332
3334
3335
3336
3337
3338
3342
3343
3344
3346
3347
3349
3350
3352
3354
3357
3359
3360
3362
3363
3364
3365
3366
3368
3372
3374
3376
3377
3378
3379
3380
3381
3386
3387
3388
3390
3395
3396
3400
3402
3405
3406
3407
3408
3411
3413
3415
3416
3418
3419
3420
3422
3424
3425
3427
3428
3429
3430
3431
3432
3433
3435
3438
3440
3441
3444
3446
3448
3450
3451
3452
3453
3457
3461
3462
3463
3464
3466
3467
3469
3476
3477
3478
3480
3481
3483
3488
3489
3490
3491
3492
3494
3499
3500
3502
3504
3506
3507
3509
3512
3513
3516
3517
3518
3520
3521
3523
3524
3526
3529
3530
3533
3535
3536
3538
3540
3542
3543
3544
3545
3546
3547
3548
3549
3551
3554
3555
3556
3557
3558
3560
3561
3562
3563
3567
3568
3572
3574
3575
3578
3579
3581
3582
3585
3586
3587
3589
3591
3593
3594
3596
3598
3600
3601
3606
3607
3609
3614
3615
3619
3620
3621
3622
3623
3624
3628
3630
3631
3632
3633
3634
3637
3640
3641
3644
3645
3647
3648
3651
3655
3658
3659
3661
3666
3667
3670
3671
3672
3673
3675
3677
3679
3680
3682
3683
3685
3686
3689
3691
3692
3693
3694
3695
3697
3699
3701
3702
3703
3705
3706
3707
3708
3710
3711
3712
3713
3714
3715
3717
3718
3719
3722
3723
3725
3726
3727
3729
3730
3732
3736
3738
3741
3743
3746
3747
3748
3749
3750
3752
3755
3757
3758
3764
3770
3771
3772
3773
3775
3776
3777
3783
3785
3786
3788
3789
3792
3793
3794
3795
3799
3800
3802
3805
3807
3809
3812
3813
3814
3816
3819
3820
3824
3825
3826
3827
3828
3830
3831
3833
3834
3835
3836
3837
3839
3840
3841
3842
3844
3845
3846
3847
3848
3853
3854
3855
3856
3857
3858
3859
3862
3863
3864
3866
3868
3870
3871
3873
3874
3878
3881
3883
3885
3886
3887
3889
3890
3892
3893
3894
3895
3898
3899
3900
3902
3903
3906
3907
3909
3910
3911
3913
3914
3915
3916
3918
3919
3923
3924
3925
3929
3930
3931
3932
3935
3936
3939
3942
3943
3945
3946
3948
3949
3951
3952
3955
3959
3961
3962
3963
3964
3969
3970
3971
3975
3976
3977
3979
3981
3984
3985
3986
3987
3990
3991
3993
3994
3997
3998
4000
4001
4002
4003
4005
4007
4008
4009
4012
4014
4018
4019
4020
4022
4023
4024
4026
4027
4029
4030
4031
4033
4034
4035
4036
4037
4039
4044
4046
4048
4049
4051
4054
4055
4056
4057
4059
4060
4063
4065
4066
4067
4068
4069
4071
4072
4074
4075
4077
4079
4085
4086
4087
4088
4089
4091
4093
4094
4096
4097
4098
4100
4101
4102
4103
4104
4105
4107
4108
4110
4111
4115
4116
4117
4118
4119
4120
4122
4123
4125
4126
4127
4128
4129
4131
4133
4135
4137
4141
4142
4143
4145
4147
4149
4150
4152
4153
4154
4156
4157
4159
4160
4162
4164
4168
4169
4171
4173
4175
4176
4179
4181
4182
4184
4185
4186
4189
4190
4191
4192
4193
4194
4195
4196
4198
4201
4203
4204
4205
4208
4211
4212
4214
4216
4217
4218
4219
4221
4222
4224
4225
4228
4230
4232
4235
4236
4237
4238
4239
4242
4244
4246
4247
4249
4253
4254
4256
4257
4262
4263
4264
4265
4267
4268
4269
4270
4272
4273
4274
4276
4277
4279
4280
4282
4283
4284
4285
4290
4291
4292
4293
4297
4299
4300
4301
4302
4304
4305
4309
4311
4312
4314
4316
4317
4319
4320
4321
4325
4326
4328
4331
4332
4338
4340
4342
4343
4346
4347
4349
4350
4351
4353
4355
4356
4358
4359
4360
4361
4362
4363
4364
4365
4366
4367
4368
4369
4370
4374
4375
4377
4378
4379
4380
4381
4382
4383
4385
4386
4388
4389
4390
4392
4393
4394
4398
4399
4401
4403
4404
4406
4408
4410
4411
4413
4414
4416
4417
4418
4419
4420
4421
4422
4423
4424
4425
4427
4429
4431
4433
4434
4436
4437
4440
4441
4444
4446
4450
4452
4453
4456
4457
4460
4464
4465
4466
4468
4469
4470
4471
4472
4474
4475
4476
4478
4481
4484
4486
4487
4488
4489
4490
4492
4493
4497
4499
4501
4504
4505
4506
4507
4511
4512
4513
4514
4517
4520
4524
4527
4529
4530
4532
4533
4536
4539
4541
4542
4544
4550
4552
4554
4555
4557
4558
4562
4564
4565
4569
4571
4573
4575
4576
4578
4579
4580
4581
4582
4583
4584
4585
4586
4588
4589
4590
4591
4593
4594
4596
4598
4599
4600
4603
4605
4606
4607
4609
4610
4611
4612
4613
4614
4615
4616
4617
4619
4620
4623
4625
4627
4628
4630
4631
0
1
2
5
8
11
14
16
17
18
19
20
21
22
23
24
27
29
30
32
33
38
39
41
47
50
51
53
56
57
59
60
62
64
77
78
79
80
81
82
85
87
90
92
94
96
98
101
106
107
111
112
113
114
117
122
124
125
126
127
129
133
135
136
137
138
141
142
143
145
146
148
153
155
161
163
164
165
166
167
172
173
174
175
176
181
185
187
188
189
194
195
196
197
198
201
205
206
208
209
212
213
214
215
216
220
222
225
226
227
228
229
231
233
234
238
240
242
243
244
246
249
250
251
252
253
254
256
257
258
259
260
262
263
266
267
268
269
270
271
272
273
275
276
277
279
286
289
290
292
293
294
299
300
301
302
305
306
310
311
312
313
314
315
316
318
319
320
321
322
323
325
326
327
330
331
332
334
335
336
337
338
340
343
344
345
348
349
351
353
354
355
356
359
362
363
365
367
372
373
376
378
379
381
382
384
386
387
388
389
391
394
395
396
399
401
402
403
404
405
406
409
410
413
419
420
421
423
425
426
427
428
435
437
438
439
442
444
447
448
449
451
452
454
455
456
457
458
459
460
462
464
465
469
472
474
475
477
480
483
484
485
487
489
490
491
492
495
496
500
501
502
504
505
506
507
508
509
510
511
513
515
517
521
522
523
524
525
526
528
530
532
533
534
535
536
539
540
541
542
543
544
548
550
551
552
553
557
558
559
561
562
564
565
568
569
572
574
575
576
577
581
584
585
587
591
592
593
595
597
601
604
606
607
609
611
612
614
615
617
618
621
622
628
630
631
633
635
638
640
641
642
643
644
647
649
652
653
655
658
659
660
662
663
665
666
667
669
673
674
682
685
686
688
689
690
691
697
700
702
703
707
711
715
716
718
720
721
722
725
727
728
729
733
735
737
739
740
741
744
745
747
749
752
754
756
758
760
761
762
770
772
775
778
779
780
783
784
786
787
788
796
797
799
802
806
807
809
810
811
815
816
820
821
822
825
827
828
829
832
833
834
837
838
840
842
843
844
845
846
847
850
851
852
853
855
856
857
861
863
864
865
866
870
871
872
873
877
882
884
885
887
890
892
896
897
898
900
902
903
904
906
908
910
911
913
916
918
919
920
921
922
927
930
934
935
938
942
946
948
949
950
951
952
954
956
957
960
961
963
965
966
968
969
973
977
978
980
981
982
984
988
989
990
991
992
994
995
996
998
999
1002
1007
1009
1010
1013
1014
1016
1017
1019
1020
1021
1022
1023
1042
1043
1044
1045
1046
1047
1048
1050
1052
1053
1054
1058
1060
1065
1068
1069
1070
1072
1074
1075
1077
1078
1079
1081
1085
1088
1089
1091
1092
1094
1095
1096
1098
1100
1102
1104
1106
1107
1109
1110
1111
1112
1114
1115
1116
1117
1119
1122
1123
1124
1126
1127
1128
1129
1130
1132
1133
1134
1136
1137
1141
1142
1143
1145
1148
1149
1151
1152
1154
1155
1159
1160
1164
1165
1166
1167
1168
1169
1170
1172
1174
1181
1184
1185
1186
1187
1189
1190
1191
1192
1196
1197
1198
1199
1200
1201
1202
1203
1205
1207
1208
1209
1212
1214
1216
1217
1218
1220
1224
1227
1228
1229
1233
1234
1235
1236
1237
1239
1240
1241
1242
1244
1245
1246
1248
1249
1250
1251
1253
1255
1257
1260
1261
1266
1267
1268
1270
1271
1272
1273
1276
1277
1278
1282
1283
1284
1285
1290
1292
1293
1296
1297
1298
1299
1300
1301
1302
1303
1305
1307
1308
1310
1312
1313
1314
1316
1317
1319
1320
1322
1324
1326
1327
1329
1331
1334
1336
1338
1340
1343
1345
1346
1347
1348
1350
1351
1352
1353
1356
1361
1364
1365
1366
1369
1370
1371
1372
1373
1374
1375
1376
1380
1381
1384
1387
1390
1391
1392
1394
1402
1403
1404
1406
1407
1408
1409
1410
1411
1418
1419
1420
1422
1423
1424
1425
1426
1430
1433
1434
1436
1439
1440
1441
1446
1450
1451
1452
1453
1454
1455
1460
1461
1464
1466
1467
1468
1469
1470
1471
1472
1474
1476
1477
1478
1482
1486
1491
1494
1496
1497
1498
1499
1502
1503
1505
1506
1507
1508
1509
1514
1515
1517
1518
1519
1521
1525
1526
1529
1530
1531
1532
1535
1536
1537
1545
1546
1548
1550
1551
1552
1553
1554
1556
1558
1559
1562
1563
1565
1567
1568
1570
1571
1574
1576
1577
1579
1581
1583
1584
1585
1588
1589
1590
1591
1592
1596
1602
1609
1611
1613
1614
1617
1618
1619
1621
1629
1631
1632
1633
1640
1642
1643
1644
1645
1646
1649
1650
1655
1656
1660
1661
1662
1665
1666
1667
1668
1670
1672
1673
1674
1676
1678
1679
1682
1684
1685
1688
1690
1691
1692
1693
1695
1698
1699
1700
1701
1703
1704
1705
1707
1710
1711
1712
1713
1714
1715
1716
1717
1719
1720
1722
1723
1724
1725
1726
1728
1730
1731
1733
1734
1736
1738
1739
1741
1742
1743
1750
1753
1754
1757
1759
1760
1763
1764
1767
1768
1769
1770
1771
1773
1774
1775
1778
1779
1780
1781
1782
1783
1785
1787
1788
1790
1791
1792
1793
1795
1797
1798
1800
1801
1802
1803
1804
1806
1807
1808
1811
1812
1813
1814
1815
1819
1820
1823
1825
1826
1828
1829
1831
1834
1836
1839
1841
1842
1843
1851
1853
1854
1855
1858
1859
1860
1861
1862
1864
1865
1867
1868
1869
1872
1873
1876
1877
1878
1880
1882
1883
1884
1885
1886
1887
1889
1892
1893
1895
1899
1902
1903
1905
1906
1907
1908
1909
1911
1912
1913
1918
1920
1921
1922
1923
1924
1925
1926
1928
1929
1935
1937
1939
1943
1944
1946
1947
1948
1952
1953
1955
1958
1959
1961
1965
1966
1967
1968
1970
1971
1972
1974
1976
1978
1980
1983
1984
1986
1989
1991
1995
1996
1999
2002
2003
2004
2006
2008
2009
2011
2012
2013
2014
2016
2023
2024
2028
2029
2031
2032
2036
2038
2041
2042
2043
2048
2049
2052
2055
2060
2061
2064
2065
2067
2070
2071
2079
2082
2084
2085
2086
2087
2089
2090
2091
2092
2095
2096
2097
2098
2099
2100
2101
2102
2104
2105
2106
2107
2111
2112
2113
2114
2120
2122
2125
2126
2127
2128
2129
2130
2132
2133
2134
2137
2142
2144
2145
2146
2148
2149
2150
2151
2152
2155
2157
2158
2159
2164
2166
2169
2172
2173
2175
2176
2183
2185
2186
2188
2189
2190
2192
2199
2202
2203
2207
2209
2210
2211
2212
2213
2214
2215
2217
2224
2230
2231
2232
2239
2247
2248
2250
2253
2254
2257
2258
2259
2261
2263
2265
2266
2267
2268
2269
2270
2271
2275
2278
2282
2283
2284
2287
2288
2289
2291
2292
2293
2297
2298
2299
2300
2303
2305
2306
2307
2309
2310
2311
2317
2321
2324
2325
2328
2329
2330
2332
2335
2336
2337
2338
2339
2341
2342
2344
2345
2347
2351
2352
2353
2355
2356
2357
2358
2359
2361
2362
2366
2370
2372
2373
2376
2377
2378
2381
2383
2384
2385
2387
2389
2390
2392
2393
2395
2396
2397
2398
2399
2400
2401
2402
2403
2404
2405
2407
2409
2413
2414
2415
2416
2419
2421
2424
2425
2427
2428
2429
2430
2432
2437
2438
2439
2442
2443
2444
2445
2446
2447
2448
2449
2451
2452
2453
2455
2457
2461
2462
2464
2465
2468
2469
2470
2472
2476
2477
2478
2481
2483
2484
2485
2489
2490
2492
2494
2495
2497
2501
2505
2506
2507
2509
2510
2513
2514
2515
2516
2518
2519
2520
2521
2522
2523
2524
2527
2528
2530
2532
2534
2535
2539
2540
2542
2543
2545
2546
2550
2552
2554
2555
2556
2557
2558
2559
2560
2563
2564
2566
2570
2572
2577
2578
2579
2580
2581
2594
2595
2596
2600
2602
2603
2604
2606
2607
2608
2609
2612
2614
2617
2620
2621
2624
2625
2626
2628
2631
2632
2633
2634
2638
2640
2641
2644
2648
2649
2651
2652
2653
2654
2655
2656
2657
2661
2663
2665
2666
2667
2669
2672
2673
2674
2675
2676
2678
2679
2683
2686
2687
2689
2690
2692
2694
2696
2700
2701
2709
2711
2714
2716
2718
2719
2723
2727
2728
2730
2731
2732
2733
2735
2737
2738
2739
2740
2742
2745
2746
2748
2749
2750
2751
2756
2757
2758
2759
2760
2772
2775
2777
2778
2780
2781
2783
2784
2785
2786
2789
2790
2791
2792
2793
2794
2795
2796
2800
2802
2803
2806
2807
2808
2811
2813
2816
2817
2818
2822
2823
2825
2826
2827
2828
2829
2835
2836
2838
2839
2840
2841
2843
2844
2845
2846
2848
2849
2850
2851
2852
2855
2859
2860
2861
2863
2864
2865
2866
2870
2872
2873
2874
2876
2877
2878
2879
2880
2881
2885
2886
2887
2889
2894
2895
2896
2897
2899
2903
2904
2907
2908
2909
2912
2913
2914
2915
2918
2920
2921
2922
2925
2928
2929
2932
2934
2937
2938
2939
2940
2942
2944
2947
2951
2952
2956
2960
2961
2963
2966
2967
2970
2971
2972
2974
2975
2976
2981
2982
2987
2990
2991
2992
2993
2994
2995
2997
2999
3000
3004
3008
3012
3014
3016
3017
3018
3020
3022
3024
3027
3028
3030
3032
3036
3037
3040
3045
3048
3051
3052
3053
3054
3056
3057
3058
3060
3061
3062
3070
3071
3075
3076
3079
3082
3083
3085
3086
3089
3091
3093
3094
3099
3101
3102
3103
3104
3105
3106
3112
3113
3114
3115
3116
3117
3119
3120
3121
3122
3123
3125
3132
3135
3139
3140
3141
3142
3143
3144
3148
3149
3151
3154
3156
3157
3159
3160
3162
3164
3169
3170
3173
3175
3177
3180
3185
3189
3192
3193
3194
3197
3199
3200
3202
3209
3211
3216
3220
3221
3222
3224
3225
3230
3231
3233
3234
3235
3243
3245
3246
3247
3248
3249
3250
3251
3253
3254
3255
3256
3257
3258
3259
3262
3263
3264
3269
3271
3275
3279
3280
3282
3283
3286
3289
3290
3294
3296
3298
3300
3301
3303
3308
3310
3313
3316
3318
3319
3320
3321
3322
3323
3325
3326
3327
3329
3330
3333
3339
3340
3341
3345
3348
3351
3353
3355
3356
3358
3361
3367
3369
3370
3371
3373
3375
3382
3383
3384
3385
3389
3391
3392
3393
3394
3397
3398
3399
3401
3403
3404
3409
3410
3412
3414
3417
3421
3423
3426
3434
3436
3437
3442
3443
3445
3447
3449
3454
3455
3458
3459
3460
3465
3468
3470
3471
3472
3473
3474
3475
3479
3482
3484
3485
3486
3487
3493
3495
3496
3497
3498
3501
3503
3505
3508
3514
3515
3519
3522
3525
3527
3528
3531
3532
3534
3537
3539
3541
3550
3553
3564
3565
3566
3569
3570
3571
3573
3576
3577
3580
3583
3584
3588
3595
3597
3599
3602
3603
3604
3605
3608
3610
3611
3616
3618
3625
3626
3636
3642
3643
3649
3653
3657
3663
3664
3668
3669
3678
3687
3688
3704
3728
3731
3733
3739
3740
3742
3744
3756
3760
3763
3765
3769
3780
3784
3787
3790
3796
3797
3801
3803
3810
3811
3815
3822
3843
3849
3850
3851
3852
3861
3867
3869
3875
3876
3877
3880
3884
3888
3896
3897
3901
3917
3927
3928
3934
3944
3953
3954
3958
3960
3967
3968
3972
3973
3980
3983
3995
3996
4006
4010
4013
4015
4017
4021
4025
4028
4032
4038
4042
4047
4061
4062
4073
4080
4081
4082
4083
4092
4112
4124
4132
4139
4140
4144
4165
4167
4170
4174
4178
4180
4187
4197
4200
4202
4206
4207
4210
4220
4223
4227
4229
4231
4233
4241
4245
4248
4250
4251
4252
4258
4259
4271
4275
4287
4289
4295
4310
4315
4318
4324
4327
4335
4339
4345
4348
4352
4354
4357
4371
4372
4384
4387
4391
4395
4400
4405
4409
4426
4435
4439
4442
4443
4445
4448
4455
4461
4467
4473
4480
4482
4483
4485
4491
4496
4498
4503
4515
4518
4519
4521
4522
4525
4528
4534
4535
4537
4538
4545
4547
4548
4551
4553
4556
4560
4563
4572
4577
4592
4601
4602
4618
4621
4622
4626
4629
